%YAML:1.0
---
rvec: !!opencv-matrix
   rows: 3
   cols: 1
   dt: d
   data: [ -1.6555481449256162e+00, 6.4802747880973477e-01,
       -1.9983298318673821e+00 ]
tvec: !!opencv-matrix
   rows: 3
   cols: 1
   dt: d
   data: [ -1.6255430553579214e-01, -6.8628925203213176e-02,
       -1.2876382158674942e-02 ]
