%YAML:1.0
---
rvec: !!opencv-matrix
   rows: 3
   cols: 1
   dt: d
   data: [ 1.3655383958008784e+00, 1.1894004668611915e+00,
       1.4173368021119748e+00 ]
tvec: !!opencv-matrix
   rows: 3
   cols: 1
   dt: d
   data: [ -1.5733505823809160e-01, 1.7870637411335571e-01,
       9.8547285093529791e-01 ]
