%YAML:1.0
---
rvec: !!opencv-matrix
   rows: 3
   cols: 1
   dt: d
   data: [ 1.3735284822317650e+00, 1.1719955551439498e+00,
       1.4450706756171030e+00 ]
tvec: !!opencv-matrix
   rows: 3
   cols: 1
   dt: d
   data: [ -1.6001505637722402e-01, 1.7069803819152568e-01,
       9.7601153009622033e-01 ]
