%YAML:1.0
---
K: !!opencv-matrix
   rows: 3
   cols: 3
   dt: d
   data: [ 4.9031427000000003e+03, 0., 7.2802150600000004e+02, 0.,
       4.8976669499999998e+03, 6.4509995800000002e+02, 0., 0., 1. ]
DistCoeffs: !!opencv-matrix
   rows: 1
   cols: 5
   dt: d
   data: [ 7.7676976699999997e-02, -3.1595135000000001e+00,
       1.8602709999999999e-03, 6.2622624500000001e-03,
       -9.7853785200000001e+00 ]
rvec: !!opencv-matrix
   rows: 3
   cols: 1
   dt: d
   data: [ 1.3517367793788309e+00, 1.1745335835050679e+00,
       1.4419988409635753e+00 ]
tvec: !!opencv-matrix
   rows: 3
   cols: 1
   dt: d
   data: [ -1.6440224957902475e-01, 1.7421199579429039e-01,
       9.7981346904092259e-01 ]
rb2wsMat: !!opencv-matrix
   rows: 4
   cols: 4
   dt: f
   data: [ 9.99139786e-01, -2.68402183e-03, 4.13823612e-02, 0.,
       3.33201606e-03, 9.99872804e-01, -1.55976880e-02, 0.,
       -4.13352363e-02, 1.57221574e-02, 9.99021649e-01, 0.,
       1.14621833e-01, 5.71359038e-01, -8.34639817e-02, 1. ]
imgFile: "D:/Spine Project/SpineNavi/bin/X64_Debug/../../data/Tracking 2023-08-09/test2.png"
