%YAML:1.0
---
K: !!opencv-matrix
   rows: 3
   cols: 3
   dt: d
   data: [ 4.9031427000000003e+03, 0., 7.2802150600000004e+02, 0.,
       4.8976669499999998e+03, 6.4509995800000002e+02, 0., 0., 1. ]
DistCoeffs: !!opencv-matrix
   rows: 1
   cols: 5
   dt: d
   data: [ 7.7676976699999997e-02, -3.1595135000000001e+00,
       1.8602709999999999e-03, 6.2622624500000001e-03,
       -9.7853785200000001e+00 ]
rvec: !!opencv-matrix
   rows: 3
   cols: 1
   dt: d
   data: [ 1.3735284822317650e+00, 1.1719955551439498e+00,
       1.4450706756171030e+00 ]
tvec: !!opencv-matrix
   rows: 3
   cols: 1
   dt: d
   data: [ -1.6001505637722402e-01, 1.7069803819152568e-01,
       9.7601153009622033e-01 ]
rb2wsMat: !!opencv-matrix
   rows: 4
   cols: 4
   dt: f
   data: [ 9.99726832e-01, -1.00534316e-03, -2.33506449e-02, 0.,
       1.12949684e-03, 9.99985278e-01, 5.30434772e-03, 0.,
       2.33449675e-02, -5.32927364e-03, 9.99713242e-01, 0.,
       -5.81170768e-02, 4.07560140e-01, -6.44531548e-02, 1. ]
imgFile: "D:/Spine Project/SpineNavi/bin/X64_Debug/../../data/Tracking 2023-08-09/test1.png"
