%YAML:1.0
---
K: !!opencv-matrix
   rows: 3
   cols: 3
   dt: d
   data: [ 4.9031427000000003e+03, 0., 7.2802150600000004e+02, 0.,
       4.8976669499999998e+03, 6.4509995800000002e+02, 0., 0., 1. ]
DistCoeffs: !!opencv-matrix
   rows: 1
   cols: 5
   dt: d
   data: [ 7.7676976699999997e-02, -3.1595135000000001e+00,
       1.8602709999999999e-03, 6.2622624500000001e-03,
       -9.7853785200000001e+00 ]
rvec: !!opencv-matrix
   rows: 3
   cols: 1
   dt: d
   data: [ -1.6555481449256162e+00, 6.4802747880973477e-01,
       -1.9983298318673821e+00 ]
tvec: !!opencv-matrix
   rows: 3
   cols: 1
   dt: d
   data: [ -1.6255430553579214e-01, -6.8628925203213176e-02,
       -1.2876382158674942e-02 ]
rb2wsMat: !!opencv-matrix
   rows: 4
   cols: 4
   dt: f
   data: [ 9.97593105e-01, 2.64960527e-03, 6.92894012e-02, 0.,
       -6.69547007e-04, 9.99591172e-01, -2.85842661e-02, 0.,
       -6.93368167e-02, 2.84690727e-02, 9.97187018e-01, 0.,
       4.82406579e-02, 2.93555677e-01, -1.17914110e-01, 1. ]
imgFile: "D:/Spine Project/SpineNavi/bin/X64_Release/../../data/Tracking 2023-08-09/test3.png"
