%YAML:1.0
---
K: !!opencv-matrix
   rows: 3
   cols: 3
   dt: d
   data: [ 4.9031427000000003e+03, 0., 7.2802150600000004e+02, 0.,
       4.8976669499999998e+03, 6.4509995800000002e+02, 0., 0., 1. ]
DistCoeffs: !!opencv-matrix
   rows: 1
   cols: 5
   dt: d
   data: [ 7.7676976699999997e-02, -3.1595135000000001e+00,
       1.8602709999999999e-03, 6.2622624500000001e-03,
       -9.7853785200000001e+00 ]
rvec: !!opencv-matrix
   rows: 3
   cols: 1
   dt: d
   data: [ 1.3655383958008784e+00, 1.1894004668611915e+00,
       1.4173368021119748e+00 ]
tvec: !!opencv-matrix
   rows: 3
   cols: 1
   dt: d
   data: [ -1.5733505823809160e-01, 1.7870637411335571e-01,
       9.8547285093529791e-01 ]
rb2wsMat: !!opencv-matrix
   rows: 4
   cols: 4
   dt: f
   data: [ 9.89955187e-01, -1.19615264e-01, -7.53721520e-02, 0.,
       1.22776128e-01, 9.91676271e-01, 3.87841426e-02, 0.,
       7.01056048e-02, -4.76484634e-02, 9.96400952e-01, 0.,
       -7.20952824e-02, 5.24196208e-01, -9.32395533e-02, 1. ]
imgFile: "D:/Spine Project/SpineNavi/bin/X64_Debug/../../data/Tracking 2023-08-09/test3.png"
