%YAML:1.0
---
rvec: !!opencv-matrix
   rows: 3
   cols: 1
   dt: d
   data: [ 1.8830135770995373e+00, 3.1685225944327627e-02,
       1.4093989293958240e-01 ]
tvec: !!opencv-matrix
   rows: 3
   cols: 1
   dt: d
   data: [ 3.6496871295335263e-02, 1.9380059232644589e-01,
       1.1226915100666139e+00 ]
