%YAML:1.0
---
rvec: !!opencv-matrix
   rows: 3
   cols: 1
   dt: d
   data: [ 1.8801368215598244e+00, 3.5979051112410051e-02,
       1.3863726905992299e-01 ]
tvec: !!opencv-matrix
   rows: 3
   cols: 1
   dt: d
   data: [ 3.7923704436113814e-02, 1.9607218260842268e-01,
       1.1211434193109189e+00 ]
