%YAML:1.0
---
K: !!opencv-matrix
   rows: 3
   cols: 3
   dt: d
   data: [ 4.9207502485278455e+03, 0., 6.0728068677556496e+02, 0.,
       4.9217065396176995e+03, 8.1401212519385138e+02, 0., 0., 1. ]
DistCoeffs: !!opencv-matrix
   rows: 1
   cols: 5
   dt: d
   data: [ -8.0898144841779124e-02, 1.0435686938662621e+00,
       1.4257357513986640e-02, -3.9395255781461153e-03,
       -4.2558745932303549e-01 ]
rvec: !!opencv-matrix
   rows: 3
   cols: 1
   dt: d
   data: [ 1.8790613159151652e+00, 3.0155145714680819e-02,
       1.3841501405167808e-01 ]
tvec: !!opencv-matrix
   rows: 3
   cols: 1
   dt: d
   data: [ 3.6532322661947357e-02, 1.9440753751745818e-01,
       1.1190433526891315e+00 ]
rb2wsMat: !!opencv-matrix
   rows: 4
   cols: 4
   dt: f
   data: [ 9.86157775e-01, 6.85156584e-02, 1.50991440e-01, 0.,
       -8.10769051e-02, 9.93598819e-01, 7.86637217e-02, 0.,
       -1.44635230e-01, -8.98167640e-02, 9.85400200e-01, 0.,
       6.50054738e-02, 2.42461041e-01, 1.24509597e+00, 1. ]
imgFile: "test1_139073244228044.png"
