%YAML:1.0
---
K: !!opencv-matrix
   rows: 3
   cols: 3
   dt: d
   data: [ 4.9207502485278455e+03, 0., 6.0728068677556496e+02, 0.,
       4.9217065396176995e+03, 8.1401212519385138e+02, 0., 0., 1. ]
DistCoeffs: !!opencv-matrix
   rows: 1
   cols: 5
   dt: d
   data: [ -8.0898144841779124e-02, 1.0435686938662621e+00,
       1.4257357513986640e-02, -3.9395255781461153e-03,
       -4.2558745932303549e-01 ]
rvec: !!opencv-matrix
   rows: 3
   cols: 1
   dt: d
   data: [ 1.8872640227660109e+00, 3.8727708880502525e-02,
       1.3428375497891307e-01 ]
tvec: !!opencv-matrix
   rows: 3
   cols: 1
   dt: d
   data: [ 4.0410005317201965e-02, 1.9256791830366685e-01,
       1.1236817240303407e+00 ]
rb2wsMat: !!opencv-matrix
   rows: 4
   cols: 4
   dt: f
   data: [ 9.80462730e-01, 6.32524639e-02, 1.86257854e-01, 0.,
       -7.65603483e-02, 9.94934916e-01, 6.51380867e-02, 0.,
       -1.81194291e-01, -7.81254321e-02, 9.80339229e-01, 0.,
       3.56874727e-02, -1.81774851e-02, 1.31130421e+00, 1. ]
imgFile: "test1_139073244597368.png"
