%YAML:1.0
---
K: !!opencv-matrix
   rows: 3
   cols: 3
   dt: d
   data: [ 4.9207502485278455e+03, 0., 6.0728068677556496e+02, 0.,
       4.9217065396176995e+03, 8.1401212519385138e+02, 0., 0., 1. ]
DistCoeffs: !!opencv-matrix
   rows: 1
   cols: 5
   dt: d
   data: [ -8.0898144841779124e-02, 1.0435686938662621e+00,
       1.4257357513986640e-02, -3.9395255781461153e-03,
       -4.2558745932303549e-01 ]
rvec: !!opencv-matrix
   rows: 3
   cols: 1
   dt: d
   data: [ 1.8790613159151652e+00, 3.0155145714680819e-02,
       1.3841501405167808e-01 ]
tvec: !!opencv-matrix
   rows: 3
   cols: 1
   dt: d
   data: [ 3.6532322661947357e-02, 1.9440753751745818e-01,
       1.1190433526891315e+00 ]
rb2wsMat: !!opencv-matrix
   rows: 4
   cols: 4
   dt: f
   data: [ 9.80489552e-01, -8.46239477e-02, 1.77423194e-01, 0.,
       6.44186437e-02, 9.91074800e-01, 1.16708815e-01, 0.,
       -1.85716018e-01, -1.03002414e-01, 9.77189898e-01, 0.,
       1.58059314e-01, 2.07470447e-01, 1.27674997e+00, 1. ]
imgFile: "test1_139073244214424.png"
