%YAML:1.0
---
K: !!opencv-matrix
   rows: 3
   cols: 3
   dt: d
   data: [ 4.9207502485278455e+03, 0., 6.0728068677556496e+02, 0.,
       4.9217065396176995e+03, 8.1401212519385138e+02, 0., 0., 1. ]
DistCoeffs: !!opencv-matrix
   rows: 1
   cols: 5
   dt: d
   data: [ -8.0898144841779124e-02, 1.0435686938662621e+00,
       1.4257357513986640e-02, -3.9395255781461153e-03,
       -4.2558745932303549e-01 ]
rvec: !!opencv-matrix
   rows: 3
   cols: 1
   dt: d
   data: [ 1.7566834137821616e+00, 1.1936809705839525e-01,
       2.8775012737145933e-01 ]
tvec: !!opencv-matrix
   rows: 3
   cols: 1
   dt: d
   data: [ 3.8059295701089089e-02, 1.9421991414526976e-01,
       1.1238220198649183e+00 ]
rb2wsMat: !!opencv-matrix
   rows: 4
   cols: 4
   dt: f
   data: [ 9.73510683e-01, 4.62805033e-02, -2.23908618e-01, 0.,
       -5.25597781e-02, 9.98371840e-01, -2.21624002e-02, 0.,
       2.22518370e-01, 3.33439223e-02, 9.74358141e-01, 0.,
       -2.09049117e-02, 1.35626182e-01, 1.40151584e+00, 1. ]
imgFile: "test1_139073823944890.png"
