%YAML:1.0
---
K: !!opencv-matrix
   rows: 3
   cols: 3
   dt: d
   data: [ 4.9207502485278455e+03, 0., 6.0728068677556496e+02, 0.,
       4.9217065396176995e+03, 8.1401212519385138e+02, 0., 0., 1. ]
DistCoeffs: !!opencv-matrix
   rows: 1
   cols: 5
   dt: d
   data: [ -8.0898144841779124e-02, 1.0435686938662621e+00,
       1.4257357513986640e-02, -3.9395255781461153e-03,
       -4.2558745932303549e-01 ]
rvec: !!opencv-matrix
   rows: 3
   cols: 1
   dt: d
   data: [ 1.8743100382972462e+00, -8.8429417502840710e-02,
       2.0039423006121324e-01 ]
tvec: !!opencv-matrix
   rows: 3
   cols: 1
   dt: d
   data: [ -5.4559868535086091e-02, 1.7847722222991985e-01,
       1.1248612241756317e+00 ]
rb2wsMat: !!opencv-matrix
   rows: 4
   cols: 4
   dt: f
   data: [ 9.87224936e-01, 1.59332126e-01, -4.80188697e-04, 0.,
       -1.59320056e-01, 9.87103105e-01, -1.56397168e-02, 0.,
       -2.01791315e-03, 1.55164218e-02, 9.99877572e-01, 0.,
       -2.39797100e-01, 4.71978672e-02, 1.26012123e+00, 1. ]
imgFile: "test1_139073241434682.png"
