%YAML:1.0
---
K: !!opencv-matrix
   rows: 3
   cols: 3
   dt: d
   data: [ 4.9207502485278455e+03, 0., 6.0728068677556496e+02, 0.,
       4.9217065396176995e+03, 8.1401212519385138e+02, 0., 0., 1. ]
DistCoeffs: !!opencv-matrix
   rows: 1
   cols: 5
   dt: d
   data: [ -8.0898144841779124e-02, 1.0435686938662621e+00,
       1.4257357513986640e-02, -3.9395255781461153e-03,
       -4.2558745932303549e-01 ]
rvec: !!opencv-matrix
   rows: 3
   cols: 1
   dt: d
   data: [ 1.8821112708505836e+00, 3.0982743294765101e-02,
       1.3741504093646545e-01 ]
tvec: !!opencv-matrix
   rows: 3
   cols: 1
   dt: d
   data: [ 3.7103110900917023e-02, 1.9301664633898838e-01,
       1.1204532752452523e+00 ]
rb2wsMat: !!opencv-matrix
   rows: 4
   cols: 4
   dt: f
   data: [ 9.96544719e-01, 3.18187065e-02, -7.67215788e-02, 0.,
       -2.88325716e-02, 9.98794734e-01, 3.97203900e-02, 0.,
       7.78929591e-02, -3.73710655e-02, 9.96261060e-01, 0.,
       -1.57840457e-02, -8.60166270e-03, 1.40342987e+00, 1. ]
imgFile: "test1_139073242558435.png"
