%YAML:1.0
---
K: !!opencv-matrix
   rows: 3
   cols: 3
   dt: d
   data: [ 4.9207502485278455e+03, 0., 6.0728068677556496e+02, 0.,
       4.9217065396176995e+03, 8.1401212519385138e+02, 0., 0., 1. ]
DistCoeffs: !!opencv-matrix
   rows: 1
   cols: 5
   dt: d
   data: [ -8.0898144841779124e-02, 1.0435686938662621e+00,
       1.4257357513986640e-02, -3.9395255781461153e-03,
       -4.2558745932303549e-01 ]
rvec: !!opencv-matrix
   rows: 3
   cols: 1
   dt: d
   data: [ 1.8801368215598244e+00, 3.5979051112410051e-02,
       1.3863726905992299e-01 ]
tvec: !!opencv-matrix
   rows: 3
   cols: 1
   dt: d
   data: [ 3.7923704436113814e-02, 1.9607218260842268e-01,
       1.1211434193109189e+00 ]
rb2wsMat: !!opencv-matrix
   rows: 4
   cols: 4
   dt: f
   data: [ 4.91082251e-01, -8.31165075e-01, 2.60773659e-01, 0.,
       6.69491053e-01, 5.51638246e-01, 4.97470677e-01, 0.,
       -5.57332993e-01, -6.97134137e-02, 8.27357233e-01, 0.,
       3.63174170e-01, -1.94284365e-01, 1.54717088e+00, 1. ]
imgFile: "test2_139073244786293.png"
