%YAML:1.0
---
K: !!opencv-matrix
   rows: 3
   cols: 3
   dt: d
   data: [ 4.9207502485278455e+03, 0., 6.0728068677556496e+02, 0.,
       4.9217065396176995e+03, 8.1401212519385138e+02, 0., 0., 1. ]
DistCoeffs: !!opencv-matrix
   rows: 1
   cols: 5
   dt: d
   data: [ -8.0898144841779124e-02, 1.0435686938662621e+00,
       1.4257357513986640e-02, -3.9395255781461153e-03,
       -4.2558745932303549e-01 ]
rvec: !!opencv-matrix
   rows: 3
   cols: 1
   dt: d
   data: [ 1.8676836556841385e+00, -9.3228385879145614e-02,
       2.1022995659420546e-01 ]
tvec: !!opencv-matrix
   rows: 3
   cols: 1
   dt: d
   data: [ -5.9595300341953629e-02, 1.8141022631391379e-01,
       1.1215730550904219e+00 ]
rb2wsMat: !!opencv-matrix
   rows: 4
   cols: 4
   dt: f
   data: [ 9.87519860e-01, 1.57450482e-01, -3.72317922e-03, 0.,
       -1.57489255e-01, 9.87404048e-01, -1.51801482e-02, 0.,
       1.28616043e-03, 1.55770592e-02, 9.99877870e-01, 0.,
       -2.24684939e-01, 2.24108651e-01, 1.21161199e+00, 1. ]
imgFile: "test1_139073241493083.png"
