%YAML:1.0
---
K: !!opencv-matrix
   rows: 3
   cols: 3
   dt: d
   data: [ 4.9207502485278455e+03, 0., 6.0728068677556496e+02, 0.,
       4.9217065396176995e+03, 8.1401212519385138e+02, 0., 0., 1. ]
DistCoeffs: !!opencv-matrix
   rows: 1
   cols: 5
   dt: d
   data: [ -8.0898144841779124e-02, 1.0435686938662621e+00,
       1.4257357513986640e-02, -3.9395255781461153e-03,
       -4.2558745932303549e-01 ]
rvec: !!opencv-matrix
   rows: 3
   cols: 1
   dt: d
   data: [ 1.8016295614279836e+00, -1.5694815070839174e-01,
       -1.1229200636949696e-01 ]
tvec: !!opencv-matrix
   rows: 3
   cols: 1
   dt: d
   data: [ -6.1172770911186246e-02, 1.7906276223641671e-01,
       1.1235684738830396e+00 ]
rb2wsMat: !!opencv-matrix
   rows: 4
   cols: 4
   dt: f
   data: [ 9.99935031e-01, 3.70806083e-03, -1.07766110e-02, 0.,
       -4.13313415e-03, 9.99203384e-01, -3.96932736e-02, 0.,
       1.06208418e-02, 3.97352353e-02, 9.99153793e-01, 0.,
       8.87707155e-03, 1.01723475e-02, 1.24794829e+00, 1. ]
imgFile: "test1_139073240018030.png"
