%YAML:1.0
---
K: !!opencv-matrix
   rows: 3
   cols: 3
   dt: d
   data: [ 4.9207502485278455e+03, 0., 6.0728068677556496e+02, 0.,
       4.9217065396176995e+03, 8.1401212519385138e+02, 0., 0., 1. ]
DistCoeffs: !!opencv-matrix
   rows: 1
   cols: 5
   dt: d
   data: [ -8.0898144841779124e-02, 1.0435686938662621e+00,
       1.4257357513986640e-02, -3.9395255781461153e-03,
       -4.2558745932303549e-01 ]
rvec: !!opencv-matrix
   rows: 3
   cols: 1
   dt: d
   data: [ 1.7995465638529764e+00, -1.5366917010490475e-01,
       -1.1307178556934204e-01 ]
tvec: !!opencv-matrix
   rows: 3
   cols: 1
   dt: d
   data: [ -6.0163091233309124e-02, 1.7939105829557117e-01,
       1.1288861474430931e+00 ]
rb2wsMat: !!opencv-matrix
   rows: 4
   cols: 4
   dt: f
   data: [ 9.99930084e-01, 2.67584389e-03, -1.15166064e-02, 0.,
       -3.12102633e-03, 9.99241590e-01, -3.88129801e-02, 0.,
       1.14040151e-02, 3.88462096e-02, 9.99180138e-01, 0.,
       1.05752936e-02, 1.22313686e-01, 1.22154462e+00, 1. ]
imgFile: "test1_139073239462179.png"
