%YAML:1.0
---
K: !!opencv-matrix
   rows: 3
   cols: 3
   dt: d
   data: [ 4.9207502485278455e+03, 0., 6.0728068677556496e+02, 0.,
       4.9217065396176995e+03, 8.1401212519385138e+02, 0., 0., 1. ]
DistCoeffs: !!opencv-matrix
   rows: 1
   cols: 5
   dt: d
   data: [ -8.0898144841779124e-02, 1.0435686938662621e+00,
       1.4257357513986640e-02, -3.9395255781461153e-03,
       -4.2558745932303549e-01 ]
rvec: !!opencv-matrix
   rows: 3
   cols: 1
   dt: d
   data: [ 1.8790613159151652e+00, 3.0155145714680819e-02,
       1.3841501405167808e-01 ]
tvec: !!opencv-matrix
   rows: 3
   cols: 1
   dt: d
   data: [ 3.6532322661947357e-02, 1.9440753751745818e-01,
       1.1190433526891315e+00 ]
rb2wsMat: !!opencv-matrix
   rows: 4
   cols: 4
   dt: f
   data: [ 7.35244036e-01, 6.76970363e-01, -3.35754231e-02, 0.,
       -6.76725268e-01, 7.30382800e-01, -9.26491693e-02, 0.,
       -3.81978229e-02, 9.08410922e-02, 9.95132565e-01, 0.,
       -4.27834332e-01, 9.37496126e-02, 1.25439215e+00, 1. ]
imgFile: "test2_139073243236590.png"
