%YAML:1.0
---
K: !!opencv-matrix
   rows: 3
   cols: 3
   dt: d
   data: [ 4.9207502485278455e+03, 0., 6.0728068677556496e+02, 0.,
       4.9217065396176995e+03, 8.1401212519385138e+02, 0., 0., 1. ]
DistCoeffs: !!opencv-matrix
   rows: 1
   cols: 5
   dt: d
   data: [ -8.0898144841779124e-02, 1.0435686938662621e+00,
       1.4257357513986640e-02, -3.9395255781461153e-03,
       -4.2558745932303549e-01 ]
rvec: !!opencv-matrix
   rows: 3
   cols: 1
   dt: d
   data: [ 1.8801368215598244e+00, 3.5979051112410051e-02,
       1.3863726905992299e-01 ]
tvec: !!opencv-matrix
   rows: 3
   cols: 1
   dt: d
   data: [ 3.7923704436113814e-02, 1.9607218260842268e-01,
       1.1211434193109189e+00 ]
rb2wsMat: !!opencv-matrix
   rows: 4
   cols: 4
   dt: f
   data: [ 8.32259238e-01, -5.11940122e-01, 2.12748379e-01, 0.,
       3.86308610e-01, 8.10779274e-01, 4.39775646e-01, 0.,
       -3.97630781e-01, -2.83820808e-01, 8.72545421e-01, 0.,
       5.00840306e-01, 3.97715308e-02, 1.50862360e+00, 1. ]
imgFile: "test2_139073244768758.png"
