%YAML:1.0
---
K: !!opencv-matrix
   rows: 3
   cols: 3
   dt: d
   data: [ 4.9207502485278455e+03, 0., 6.0728068677556496e+02, 0.,
       4.9217065396176995e+03, 8.1401212519385138e+02, 0., 0., 1. ]
DistCoeffs: !!opencv-matrix
   rows: 1
   cols: 5
   dt: d
   data: [ -8.0898144841779124e-02, 1.0435686938662621e+00,
       1.4257357513986640e-02, -3.9395255781461153e-03,
       -4.2558745932303549e-01 ]
rvec: !!opencv-matrix
   rows: 3
   cols: 1
   dt: d
   data: [ 1.8830135770995373e+00, 3.1685225944327627e-02,
       1.4093989293958240e-01 ]
tvec: !!opencv-matrix
   rows: 3
   cols: 1
   dt: d
   data: [ 3.6496871295335263e-02, 1.9380059232644589e-01,
       1.1226915100666139e+00 ]
rb2wsMat: !!opencv-matrix
   rows: 4
   cols: 4
   dt: f
   data: [ 9.82351840e-01, 1.52264968e-01, 1.08628936e-01, 0.,
       -1.68210790e-01, 9.73152697e-01, 1.57095477e-01, 0.,
       -8.17924067e-02, -1.72595575e-01, 9.81590927e-01, 0.,
       1.08301461e-01, -1.80194125e-01, 1.26057374e+00, 1. ]
imgFile: "test1_139073245228343.png"
