%YAML:1.0
---
K: !!opencv-matrix
   rows: 3
   cols: 3
   dt: d
   data: [ 4.9207502485278455e+03, 0., 6.0728068677556496e+02, 0.,
       4.9217065396176995e+03, 8.1401212519385138e+02, 0., 0., 1. ]
DistCoeffs: !!opencv-matrix
   rows: 1
   cols: 5
   dt: d
   data: [ -8.0898144841779124e-02, 1.0435686938662621e+00,
       1.4257357513986640e-02, -3.9395255781461153e-03,
       -4.2558745932303549e-01 ]
rvec: !!opencv-matrix
   rows: 3
   cols: 1
   dt: d
   data: [ 1.9188737591520799e+00, 4.0378698438110663e-02,
       1.2276637499252233e-01 ]
tvec: !!opencv-matrix
   rows: 3
   cols: 1
   dt: d
   data: [ 4.5325229020213145e-02, 1.7565900956963304e-01,
       1.1311063428336807e+00 ]
rb2wsMat: !!opencv-matrix
   rows: 4
   cols: 4
   dt: f
   data: [ 9.96560395e-01, 3.09182554e-02, -7.68862814e-02, 0.,
       -2.78990977e-02, 9.98808622e-01, 4.00368944e-02, 0.,
       7.80325532e-02, -3.77541259e-02, 9.96235669e-01, 0.,
       -1.80647802e-02, 6.47789016e-02, 1.38592458e+00, 1. ]
imgFile: "test1_139073242452882.png"
