%YAML:1.0
---
K: !!opencv-matrix
   rows: 3
   cols: 3
   dt: d
   data: [ 4.9207502485278455e+03, 0., 6.0728068677556496e+02, 0.,
       4.9217065396176995e+03, 8.1401212519385138e+02, 0., 0., 1. ]
DistCoeffs: !!opencv-matrix
   rows: 1
   cols: 5
   dt: d
   data: [ -8.0898144841779124e-02, 1.0435686938662621e+00,
       1.4257357513986640e-02, -3.9395255781461153e-03,
       -4.2558745932303549e-01 ]
rvec: !!opencv-matrix
   rows: 3
   cols: 1
   dt: d
   data: [ 1.8016295614279836e+00, -1.5694815070839174e-01,
       -1.1229200636949696e-01 ]
tvec: !!opencv-matrix
   rows: 3
   cols: 1
   dt: d
   data: [ -6.1172770911186246e-02, 1.7906276223641671e-01,
       1.1235684738830396e+00 ]
rb2wsMat: !!opencv-matrix
   rows: 4
   cols: 4
   dt: f
   data: [ 2.54144907e-01, -8.70839536e-01, 4.20771539e-01, 0.,
       9.16871965e-01, 3.55400741e-01, 1.81758225e-01, 0.,
       -3.07824790e-01, 3.39600742e-01, 8.88771772e-01, 0.,
       2.55117238e-01, -1.59482807e-01, 1.31020319e+00, 1. ]
imgFile: "test2_139073240196433.png"
