%YAML:1.0
---
K: !!opencv-matrix
   rows: 3
   cols: 3
   dt: d
   data: [ 4.9207502485278455e+03, 0., 6.0728068677556496e+02, 0.,
       4.9217065396176995e+03, 8.1401212519385138e+02, 0., 0., 1. ]
DistCoeffs: !!opencv-matrix
   rows: 1
   cols: 5
   dt: d
   data: [ -8.0898144841779124e-02, 1.0435686938662621e+00,
       1.4257357513986640e-02, -3.9395255781461153e-03,
       -4.2558745932303549e-01 ]
rvec: !!opencv-matrix
   rows: 3
   cols: 1
   dt: d
   data: [ 1.9143567041187477e+00, 4.6489415637438074e-02,
       1.2089067727222788e-01 ]
tvec: !!opencv-matrix
   rows: 3
   cols: 1
   dt: d
   data: [ 4.8428568821957028e-02, 1.7850315622797985e-01,
       1.1310926313056451e+00 ]
rb2wsMat: !!opencv-matrix
   rows: 4
   cols: 4
   dt: f
   data: [ 9.80618358e-01, 6.17975406e-02, 1.85926497e-01, 0.,
       -7.48130381e-02, 9.95153546e-01, 6.38155565e-02, 0.,
       -1.81081772e-01, -7.64884278e-02, 9.80489135e-01, 0.,
       3.94946821e-02, 6.16620928e-02, 1.29609859e+00, 1. ]
imgFile: "test1_139073244575206.png"
