%YAML:1.0
---
K: !!opencv-matrix
   rows: 3
   cols: 3
   dt: d
   data: [ 4.9207502485278455e+03, 0., 6.0728068677556496e+02, 0.,
       4.9217065396176995e+03, 8.1401212519385138e+02, 0., 0., 1. ]
DistCoeffs: !!opencv-matrix
   rows: 1
   cols: 5
   dt: d
   data: [ -8.0898144841779124e-02, 1.0435686938662621e+00,
       1.4257357513986640e-02, -3.9395255781461153e-03,
       -4.2558745932303549e-01 ]
rvec: !!opencv-matrix
   rows: 3
   cols: 1
   dt: d
   data: [ 1.9118155419266210e+00, -8.2265368492994859e-02,
       1.7787389021484870e-01 ]
tvec: !!opencv-matrix
   rows: 3
   cols: 1
   dt: d
   data: [ -4.2946520049764458e-02, 1.5936752505984259e-01,
       1.1367813339296269e+00 ]
rb2wsMat: !!opencv-matrix
   rows: 4
   cols: 4
   dt: f
   data: [ 9.87444341e-01, 1.57934517e-01, -3.21165798e-03, 0.,
       -1.57966256e-01, 9.87304032e-01, -1.66547913e-02, 0.,
       5.40516921e-04, 1.69530120e-02, 9.99856114e-01, 0.,
       -2.31447741e-01, 1.40953988e-01, 1.23455882e+00, 1. ]
imgFile: "test1_139073241395435.png"
