%YAML:1.0
---
K: !!opencv-matrix
   rows: 3
   cols: 3
   dt: d
   data: [ 4.9207502485278455e+03, 0., 6.0728068677556496e+02, 0.,
       4.9217065396176995e+03, 8.1401212519385138e+02, 0., 0., 1. ]
DistCoeffs: !!opencv-matrix
   rows: 1
   cols: 5
   dt: d
   data: [ -8.0898144841779124e-02, 1.0435686938662621e+00,
       1.4257357513986640e-02, -3.9395255781461153e-03,
       -4.2558745932303549e-01 ]
rvec: !!opencv-matrix
   rows: 3
   cols: 1
   dt: d
   data: [ 1.8774156282337937e+00, 3.5249270575470837e-02,
       1.3768674874413125e-01 ]
tvec: !!opencv-matrix
   rows: 3
   cols: 1
   dt: d
   data: [ 3.8222035751904637e-02, 1.9687100964428253e-01,
       1.1206076782285574e+00 ]
rb2wsMat: !!opencv-matrix
   rows: 4
   cols: 4
   dt: f
   data: [ 3.34682167e-01, 9.41674531e-01, 3.51714380e-02, 0.,
       -9.40102756e-01, 3.31092715e-01, 8.11453313e-02, 0.,
       6.47674724e-02, -6.02226593e-02, 9.96081531e-01, 0.,
       4.15736102e-02, 1.08584918e-01, 1.24641323e+00, 1. ]
imgFile: "test2_139073245155944.png"
