%YAML:1.0
---
K: !!opencv-matrix
   rows: 3
   cols: 3
   dt: d
   data: [ 4.9207502485278455e+03, 0., 6.0728068677556496e+02, 0.,
       4.9217065396176995e+03, 8.1401212519385138e+02, 0., 0., 1. ]
DistCoeffs: !!opencv-matrix
   rows: 1
   cols: 5
   dt: d
   data: [ -8.0898144841779124e-02, 1.0435686938662621e+00,
       1.4257357513986640e-02, -3.9395255781461153e-03,
       -4.2558745932303549e-01 ]
rvec: !!opencv-matrix
   rows: 3
   cols: 1
   dt: d
   data: [ 1.8016295614279836e+00, -1.5694815070839174e-01,
       -1.1229200636949696e-01 ]
tvec: !!opencv-matrix
   rows: 3
   cols: 1
   dt: d
   data: [ -6.1172770911186246e-02, 1.7906276223641671e-01,
       1.1235684738830396e+00 ]
rb2wsMat: !!opencv-matrix
   rows: 4
   cols: 4
   dt: f
   data: [ 9.99391019e-01, 7.62880687e-03, 3.40504944e-02, 0.,
       -5.25335129e-03, 9.97581005e-01, -6.93147182e-02, 0.,
       -3.44969183e-02, 6.90936297e-02, 9.97013569e-01, 0.,
       -2.98164133e-02, 3.12538266e-01, 1.16916335e+00, 1. ]
imgFile: "test1_139073240629970.png"
