%YAML:1.0
---
ToolPos: !!opencv-matrix
   rows: 1
   cols: 3
   dt: f
   data: [ -1.50314212e-01, -3.42373550e-03, -6.56336546e-03 ]
ToolVec: !!opencv-matrix
   rows: 1
   cols: 3
   dt: f
   data: [ 9.99042869e-01, -4.36728112e-02, -2.46318663e-03 ]
