%YAML:1.0
---
RB_POSITIONS: !!opencv-matrix
   rows: 9
   cols: 1
   dt: "3f"
   data: [ -1.98195130e-03, -2.27518439e-01, 3.51488560e-01,
       5.62752113e-02, -2.36235365e-01, 3.61142874e-01, 1.11300878e-01,
       -2.47814536e-01, 3.66498649e-01, -5.68017177e-03, -2.77992338e-01,
       3.17791224e-01, 5.18120453e-02, -2.90310085e-01, 3.25390637e-01,
       1.06779151e-01, -2.98540652e-01, 3.33241850e-01, -1.28403846e-02,
       -3.26216370e-01, 2.85932124e-01, 4.45152298e-02, -3.38205993e-01,
       2.92572796e-01, 9.94148776e-02, -3.48040074e-01, 2.99405187e-01 ]
WS_POSITIONS: !!opencv-matrix
   rows: 9
   cols: 1
   dt: "3f"
   data: [ 3.58478688e-02, 5.61305359e-02, 1.69110036e+00,
       9.43918452e-02, 4.60203066e-02, 1.69688594e+00, 1.49366453e-01,
       3.31546776e-02, 1.69857526e+00, 2.88004801e-02, 6.01120247e-03,
       1.65740788e+00, 8.63644630e-02, -7.66583951e-03, 1.66117084e+00,
       1.41520306e-01, -1.72014274e-02, 1.66537440e+00, 1.84708647e-02,
       -4.17943113e-02, 1.62578893e+00, 7.58438557e-02, -5.51329069e-02,
       1.62860596e+00, 1.30829096e-01, -6.62623346e-02, 1.63178754e+00 ]
MAT_WS2RB: !!opencv-matrix
   rows: 4
   cols: 4
   dt: f
   data: [ 9.97618079e-01, 2.31460836e-02, 6.49816692e-02, 0.,
       -2.26995777e-02, 9.99713540e-01, -7.60126999e-03, 0.,
       -6.51389956e-02, 6.10810751e-03, 9.97857571e-01, 0.,
       7.36862868e-02, -2.94792056e-01, -1.33789158e+00, 1. ]
MAT_RB2WS: !!opencv-matrix
   rows: 4
   cols: 4
   dt: f
   data: [ 9.97617960e-01, -2.26995759e-02, -6.51389807e-02, 0.,
       2.31460817e-02, 9.99713421e-01, 6.10810658e-03, 0.,
       6.49816692e-02, -7.60126906e-03, 9.97857511e-01, 0.,
       2.02509370e-02, 2.86210537e-01, 1.34162545e+00, 1. ]
