%YAML:1.0
---
RB_POSITIONS: !!opencv-matrix
   rows: 9
   cols: 1
   dt: "3f"
   data: [ -2.64420211e-02, -2.23554835e-01, 3.57168019e-01,
       3.30676734e-02, -2.23580897e-01, 3.52914661e-01, 8.89120251e-02,
       -2.26595461e-01, 3.44199389e-01, -3.06853056e-02, -2.73581386e-01,
       3.23306382e-01, 2.81236321e-02, -2.77224422e-01, 3.16280425e-01,
       8.40554237e-02, -2.77246147e-01, 3.10883045e-01, -3.82134169e-02,
       -3.21920633e-01, 2.91532665e-01, 2.01694220e-02, -3.25133294e-01,
       2.83320546e-01, 7.60006160e-02, -3.26812923e-01, 2.77351052e-01 ]
WS_POSITIONS: !!opencv-matrix
   rows: 9
   cols: 1
   dt: "3f"
   data: [ 1.40608162e-01, -1.86340790e-02, 1.63832998e+00,
       1.99394315e-01, -2.05893703e-02, 1.62833703e+00, 2.54002273e-01,
       -2.53640208e-02, 1.61423707e+00, 1.31419361e-01, -6.81420118e-02,
       1.60468769e+00, 1.89117998e-01, -7.36604035e-02, 1.59197772e+00,
       2.44234800e-01, -7.54809827e-02, 1.58119249e+00, 1.19221821e-01,
       -1.15876213e-01, 1.57345331e+00, 1.76396757e-01, -1.20938167e-01,
       1.55960691e+00, 2.31301934e-01, -1.24406420e-01, 1.54825044e+00 ]
MAT_WS2RB: !!opencv-matrix
   rows: 4
   cols: 4
   dt: f
   data: [ 9.94753361e-01, 3.39906290e-02, 9.64903831e-02, 0.,
       -3.31530347e-02, 9.99397516e-01, -1.02710072e-02, 0.,
       -9.67813581e-02, 7.01817079e-03, 9.95280921e-01, 0.,
       -8.37043487e-03, -2.21209422e-01, -1.28718925e+00, 1. ]
MAT_RB2WS: !!opencv-matrix
   rows: 4
   cols: 4
   dt: f
   data: [ 9.94753361e-01, -3.31530385e-02, -9.67813656e-02, 0.,
       3.39906253e-02, 9.99397516e-01, 7.01817032e-03, 0.,
       9.64903757e-02, -1.02710081e-02, 9.95280921e-01, 0.,
       1.40046954e-01, 2.07577914e-01, 1.28185737e+00, 1. ]
