%YAML:1.0
---
RB_POSITIONS: !!opencv-matrix
   rows: 9
   cols: 1
   dt: "3f"
   data: [ -2.97308117e-02, -2.87287146e-01, 3.82562548e-01,
       2.97239721e-02, -2.87079036e-01, 3.77676964e-01, 8.54942054e-02,
       -2.89934456e-01, 3.68462950e-01, -3.40056270e-02, -3.38346034e-01,
       3.49884331e-01, 2.47590393e-02, -3.41765881e-01, 3.42364132e-01,
       8.06361884e-02, -3.41525823e-01, 3.36434096e-01, -4.14866656e-02,
       -3.87620151e-01, 3.19660008e-01, 1.68225169e-02, -3.90598297e-01,
       3.11085492e-01, 7.25650340e-02, -3.92076701e-01, 3.04723412e-01 ]
WS_POSITIONS: !!opencv-matrix
   rows: 9
   cols: 1
   dt: "3f"
   data: [ 1.45867169e-01, -1.28314523e-02, 1.63719046e+00,
       2.04548731e-01, -1.46028679e-02, 1.62660170e+00, 2.59041816e-01,
       -1.92607939e-02, 1.61203539e+00, 1.36682898e-01, -6.33415952e-02,
       1.60467076e+00, 1.94297493e-01, -6.86852038e-02, 1.59149742e+00,
       2.49320999e-01, -7.02904165e-02, 1.58021402e+00, 1.24607518e-01,
       -1.11986138e-01, 1.57491672e+00, 1.81683317e-01, -1.16860807e-01,
       1.56074131e+00, 2.36471042e-01, -1.20173916e-01, 1.54902720e+00 ]
MAT_WS2RB: !!opencv-matrix
   rows: 4
   cols: 4
   dt: f
   data: [ 9.94760215e-01, 3.51490863e-02, 9.60024670e-02, 0.,
       -3.42205986e-02, 9.99350309e-01, -1.13013582e-02, 0.,
       -9.63373333e-02, 7.95687921e-03, 9.95316863e-01, 0.,
       -1.75502189e-02, -2.92618036e-01, -1.26110935e+00, 1. ]
MAT_RB2WS: !!opencv-matrix
   rows: 4
   cols: 4
   dt: f
   data: [ 9.94760334e-01, -3.42206061e-02, -9.63373482e-02, 0.,
       3.51490900e-02, 9.99350429e-01, 7.95688014e-03, 0.,
       9.60024744e-02, -1.13013582e-02, 9.95316923e-01, 0.,
       1.48813128e-01, 2.77575165e-01, 1.25584102e+00, 1. ]
