%YAML:1.0
---
RB_POSITIONS: !!opencv-matrix
   rows: 9
   cols: 1
   dt: "3f"
   data: [ -1.16513371e-02, -2.06076384e-01, 3.90809774e-01,
       4.75995541e-02, -2.08173409e-01, 3.83908033e-01, 1.02925360e-01,
       -2.13221118e-01, 3.73030961e-01, -1.89229101e-02, -2.56831139e-01,
       3.57771307e-01, 3.94323617e-02, -2.62583137e-01, 3.49130929e-01,
       9.50347781e-02, -2.64489204e-01, 3.41243267e-01, -2.92627066e-02,
       -3.05777878e-01, 3.28026861e-01, 2.86031514e-02, -3.11057091e-01,
       3.18008006e-01, 8.40524733e-02, -3.14686209e-01, 3.09521645e-01 ]
WS_POSITIONS: !!opencv-matrix
   rows: 9
   cols: 1
   dt: "3f"
   data: [ 1.59299612e-01, -2.10807985e-03, 1.67059529e+00,
       2.17497408e-01, -6.11161953e-03, 1.65795839e+00, 2.71304935e-01,
       -1.28914611e-02, 1.64172518e+00, 1.47129402e-01, -5.22446968e-02,
       1.63805807e+00, 2.04142749e-01, -5.98528944e-02, 1.62375176e+00,
       2.58622468e-01, -6.35334104e-02, 1.61048925e+00, 1.32287964e-01,
       -1.00506172e-01, 1.60911000e+00, 1.88697264e-01, -1.07611194e-01,
       1.59348273e+00, 2.42907703e-01, -1.13002352e-01, 1.57962704e+00 ]
MAT_WS2RB: !!opencv-matrix
   rows: 4
   cols: 4
   dt: f
   data: [ 9.94714200e-01, 3.42641175e-02, 9.67968702e-02, 0.,
       -3.34115699e-02, 9.99387443e-01, -1.04152663e-02, 0.,
       -9.70944315e-02, 7.12607708e-03, 9.95249629e-01, 0.,
       -7.97387213e-03, -2.21332639e-01, -1.28729117e+00, 1. ]
MAT_RB2WS: !!opencv-matrix
   rows: 4
   cols: 4
   dt: f
   data: [ 9.94714200e-01, -3.34115699e-02, -9.70944390e-02, 0.,
       3.42641175e-02, 9.99387383e-01, 7.12607801e-03, 0.,
       9.67968628e-02, -1.04152653e-02, 9.95249689e-01, 0.,
       1.40121222e-01, 2.07523152e-01, 1.28197896e+00, 1. ]
