%YAML:1.0
---
q_cArmRb: !!opencv-matrix
   rows: 1
   cols: 4
   dt: f
   data: [ 1.59465551e-01, -3.52923542e-01, 9.21962976e-01,
       5.86941719e+00 ]
rot_cArmRb: !!opencv-matrix
   rows: 1
   cols: 3
   dt: f
   data: [ 1.59465551e-01, -3.52923542e-01, 9.21962976e-01 ]
rotDeg_cArmRb: 5.8694171905517578e+00
mat_rb2ws: !!opencv-matrix
   rows: 4
   cols: 4
   dt: f
   data: [ 9.17758226e-01, -3.75435829e-01, -1.29490450e-01, 0.,
       3.65937293e-01, 9.26123202e-01, -9.15733650e-02, 0.,
       1.54304042e-01, 3.66568044e-02, 9.87343192e-01, 0.,
       -1.08811170e-01, 5.04781127e-01, 2.83025175e-01, 1. ]
mat_ws2rb: !!opencv-matrix
   rows: 4
   cols: 4
   dt: f
   data: [ 9.17758226e-01, 3.65937293e-01, 1.54304028e-01, 0.,
       -3.75435829e-01, 9.26123261e-01, 3.66568230e-02, 0.,
       -1.29490465e-01, -9.15733501e-02, 9.87343132e-01, 0.,
       3.26024324e-01, -4.01753902e-01, -2.81156659e-01, 1. ]
t_cArmRb: !!opencv-matrix
   rows: 1
   cols: 3
   dt: f
   data: [ -1.08811170e-01, 5.04781127e-01, 2.83025175e-01 ]
rbMSE_cArmRb: 9.9574890919029713e-04
rbMSE_calibRb: 1.2368620373308659e-03
rbMarkers_calibRb: !!opencv-matrix
   rows: 8
   cols: 3
   dt: f
   data: [ -4.01087552e-01, 2.71690965e-01, 4.17472988e-01,
       -3.63867730e-01, 2.45127276e-01, 3.95790517e-01, -4.24645662e-01,
       2.73936212e-01, 3.73167723e-01, -3.62904787e-01, 2.61519521e-01,
       4.59157228e-01, -3.29627305e-01, 2.33488709e-01, 4.22327071e-01,
       -4.00304854e-01, 2.87381738e-01, 4.80810523e-01, -3.05336058e-01,
       2.32214674e-01, 4.65605080e-01, -3.29834133e-01, 2.17708230e-01,
       3.58698845e-01 ]
wsMarkers_calibRb: !!opencv-matrix
   rows: 8
   cols: 3
   dt: f
   data: [ -4.01430249e-01, 2.71699578e-01, 4.17579353e-01,
       -3.64045560e-01, 2.45535478e-01, 3.95473927e-01, -4.24504966e-01,
       2.73785025e-01, 3.73253852e-01, -3.62820983e-01, 2.61513501e-01,
       4.59112406e-01, -3.29941422e-01, 2.33429506e-01, 4.22079206e-01,
       -4.00354654e-01, 2.87306517e-01, 4.80866849e-01, -3.05506945e-01,
       2.32181683e-01, 4.66328681e-01, -3.30508739e-01, 2.17422202e-01,
       3.58634323e-01 ]
