%YAML:1.0
---
q_cArmRb: !!opencv-matrix
   rows: 1
   cols: 4
   dt: f
   data: [ 1.59522206e-01, -3.53004366e-01, 9.21922266e-01,
       5.86939240e+00 ]
rot_cArmRb: !!opencv-matrix
   rows: 1
   cols: 3
   dt: f
   data: [ 1.59522206e-01, -3.53004366e-01, 9.21922266e-01 ]
rotDeg_cArmRb: 5.8693923950195312e+00
mat_rb2ws: !!opencv-matrix
   rows: 4
   cols: 4
   dt: f
   data: [ 9.17750001e-01, -3.75443727e-01, -1.29525647e-01, 0.,
       3.65938514e-01, 9.26119268e-01, -9.16080847e-02, 0.,
       1.54349878e-01, 3.66748944e-02, 9.87335324e-01, 0.,
       -1.08799301e-01, 5.04779696e-01, 2.83028185e-01, 1. ]
mat_ws2rb: !!opencv-matrix
   rows: 4
   cols: 4
   dt: f
   data: [ 9.17750001e-01, 3.65938514e-01, 1.54349878e-01, 0.,
       -3.75443697e-01, 9.26119268e-01, 3.66748981e-02, 0.,
       -1.29525632e-01, -9.16080773e-02, 9.87335265e-01, 0.,
       3.26026320e-01, -4.01744664e-01, -2.81163335e-01, 1. ]
t_cArmRb: !!opencv-matrix
   rows: 1
   cols: 3
   dt: f
   data: [ -1.08799301e-01, 5.04779696e-01, 2.83028185e-01 ]
rbMSE_cArmRb: 9.9431641865521669e-04
rbMSE_calibRb: 1.2727668508887291e-03
rbMarkers_calibRb: !!opencv-matrix
   rows: 8
   cols: 3
   dt: f
   data: [ -4.05819595e-01, 2.54131347e-01, 4.15062040e-01,
       -3.81789714e-01, 2.12538883e-01, 3.99133980e-01, -4.23527688e-01,
       2.61119455e-01, 3.68579865e-01, -3.77986401e-01, 2.33700261e-01,
       4.60961819e-01, -3.57211679e-01, 1.90789357e-01, 4.29710984e-01,
       -4.02470618e-01, 2.74727672e-01, 4.76892471e-01, -3.38370830e-01,
       1.84273243e-01, 4.75177586e-01, -3.60058159e-01, 1.69845626e-01,
       3.67655188e-01 ]
wsMarkers_calibRb: !!opencv-matrix
   rows: 8
   cols: 3
   dt: f
   data: [ -4.05766845e-01, 2.54267395e-01, 4.15073574e-01,
       -3.82007301e-01, 2.12764099e-01, 3.98973554e-01, -4.23684776e-01,
       2.60881811e-01, 3.68594915e-01, -3.78253818e-01, 2.33702466e-01,
       4.60885108e-01, -3.58049423e-01, 1.90552622e-01, 4.29666758e-01,
       -4.02418077e-01, 2.74719477e-01, 4.77018297e-01, -3.38627756e-01,
       1.84191689e-01, 4.75927591e-01, -3.60406727e-01, 1.69782162e-01,
       3.67459923e-01 ]
