%YAML:1.0
---
K: !!opencv-matrix
   rows: 3
   cols: 3
   dt: d
   data: [ 9.3223429899999992e+03, 0., 7.6973719400000004e+02, 0.,
       9.3014052699999993e+03, 6.4768446400000005e+02, 0., 0., 1. ]
DistCoeffs: !!opencv-matrix
   rows: 1
   cols: 5
   dt: d
   data: [ 7.7683319400000006e-02, -3.1600926299999998e+00,
       1.8602438900000001e-03, -6.2624109700000000e-03,
       -9.7705864899999995e+00 ]
rvec: !!opencv-matrix
   rows: 3
   cols: 1
   dt: d
   data: [ 1.2479340830934851e+00, 1.2951038953673839e+00,
       1.1601512704957266e+00 ]
tvec: !!opencv-matrix
   rows: 3
   cols: 1
   dt: d
   data: [ -8.3965601584098742e-02, 1.8079996119585812e-01,
       1.5867900377657429e+00 ]
rb2wsMat: !!opencv-matrix
   rows: 4
   cols: 4
   dt: f
   data: [ 9.17747974e-01, -3.75451714e-01, -1.29516765e-01, 0.,
       3.65945905e-01, 9.26115751e-01, -9.16144848e-02, 0.,
       1.54344335e-01, 3.66828628e-02, 9.87335920e-01, 0.,
       -1.08799249e-01, 5.04776657e-01, 2.83035636e-01, 1. ]
imgFile: "D:/Spine Project/SpineNavi/bin/X64_Debug/../../data/c-arm 2023-05-20/8274.png"
