%YAML:1.0
---
K: !!opencv-matrix
   rows: 3
   cols: 3
   dt: d
   data: [ 4.90314270e+03, 0.00000000e+00, 7.28021506e+02, 0.,
       4.89766695e+03 6.45099958e+02, 0., 0., 1. ]
DistCoeffs: !!opencv-matrix
   rows: 1
   cols: 5
   dt: d
   data: [ 7.76769767e-02, -3.15951350e+00, 1.86027100e-03, 6.26226245e-03
 -9.78537852e+00 ]
