%YAML:1.0
---
rvec: !!opencv-matrix
   rows: 3
   cols: 1
   dt: d
   data: [ 1.3922505594442669e+00, 1.1194164407078129e+00,
       1.4233770771723828e+00 ]
tvec: !!opencv-matrix
   rows: 3
   cols: 1
   dt: d
   data: [ -1.5461370824358089e-01, 1.6867760225565107e-01,
       9.8349424198666757e-01 ]
