%YAML:1.0
---
rvec: !!opencv-matrix
   rows: 3
   cols: 1
   dt: d
   data: [ -1.4727449967846056e+00, -9.2100376289002883e-01,
       1.2471246391980355e+00 ]
tvec: !!opencv-matrix
   rows: 3
   cols: 1
   dt: d
   data: [ 1.8623695399068182e-01, 1.6571893361134932e-01,
       1.0758122737891181e-01 ]
