%YAML:1.0
---
rvec: !!opencv-matrix
   rows: 3
   cols: 1
   dt: d
   data: [ -2.0622494120170813e+00, -1.0923722061845544e+00,
       1.0978375024205123e+00 ]
tvec: !!opencv-matrix
   rows: 3
   cols: 1
   dt: d
   data: [ 3.6060994692281567e-01, 2.5229033112768071e-02,
       1.6956306966899784e-01 ]
