%YAML:1.0
---
rvec: !!opencv-matrix
   rows: 3
   cols: 1
   dt: d
   data: [ 8.6830323492280026e-01, 1.7988793894377657e+00,
       -2.3199547655352366e+00 ]
tvec: !!opencv-matrix
   rows: 3
   cols: 1
   dt: d
   data: [ -3.9290580927485724e-01, -2.8756508126654846e-02,
       5.2816015371128999e-01 ]
