%YAML:1.0
---
rvec: !!opencv-matrix
   rows: 3
   cols: 1
   dt: d
   data: [ 1.2186062313602650e+00, 1.3903303455878531e+00,
       1.6309218345889331e+00 ]
tvec: !!opencv-matrix
   rows: 3
   cols: 1
   dt: d
   data: [ -1.4815172656970024e-01, 1.7112828408285152e-01,
       9.9513583406728812e-01 ]
