%YAML:1.0
---
K: !!opencv-matrix
   rows: 3
   cols: 3
   dt: d
   data: [ 4.9031427000000003e+03, 0., 7.2802150600000004e+02, 0.,
       4.8976669499999998e+03, 6.4509995800000002e+02, 0., 0., 1. ]
DistCoeffs: !!opencv-matrix
   rows: 1
   cols: 5
   dt: d
   data: [ 7.7676976699999997e-02, -3.1595135000000001e+00,
       1.8602709999999999e-03, 6.2622624500000001e-03,
       -9.7853785200000001e+00 ]
rvec: !!opencv-matrix
   rows: 3
   cols: 1
   dt: d
   data: [ 1.2186062313602650e+00, 1.3903303455878531e+00,
       1.6309218345889331e+00 ]
tvec: !!opencv-matrix
   rows: 3
   cols: 1
   dt: d
   data: [ -1.4815172656970024e-01, 1.7112828408285152e-01,
       9.9513583406728812e-01 ]
rb2wsMat: !!opencv-matrix
   rows: 4
   cols: 4
   dt: f
   data: [ 9.99875963e-01, 1.23976981e-02, 9.71225835e-03, 0.,
       -1.23136723e-02, 9.99886632e-01, -8.66269693e-03, 0.,
       -9.81857255e-03, 8.54201056e-03, 9.99915302e-01, 0.,
       3.22985044e-03, 5.85052252e-01, -2.50907004e-01, 1. ]
imgFile: "D:/Spine Project/SpineNavi/bin/X64_Debug/../../data/Tracking 2023-08-05/test3.png"
