%YAML:1.0
---
K: !!opencv-matrix
   rows: 3
   cols: 3
   dt: d
   data: [ 4.9031427000000003e+03, 0., 7.2802150600000004e+02, 0.,
       4.8976669499999998e+03, 6.4509995800000002e+02, 0., 0., 1. ]
DistCoeffs: !!opencv-matrix
   rows: 1
   cols: 5
   dt: d
   data: [ 7.7676976699999997e-02, -3.1595135000000001e+00,
       1.8602709999999999e-03, 6.2622624500000001e-03,
       -9.7853785200000001e+00 ]
rvec: !!opencv-matrix
   rows: 3
   cols: 1
   dt: d
   data: [ 1.3922505594442669e+00, 1.1194164407078129e+00,
       1.4233770771723828e+00 ]
tvec: !!opencv-matrix
   rows: 3
   cols: 1
   dt: d
   data: [ -1.5461370824358089e-01, 1.6867760225565107e-01,
       9.8349424198666757e-01 ]
rb2wsMat: !!opencv-matrix
   rows: 4
   cols: 4
   dt: f
   data: [ 9.99999940e-01, -5.81710447e-05, 2.69305281e-04, 0.,
       5.81935928e-05, 1., -8.37309344e-05, 0., -2.69300392e-04,
       8.37466068e-05, 9.99999940e-01, 0., -1.59784734e-01,
       5.03625929e-01, 5.13654156e-03, 1. ]
imgFile: "D:/Spine Project/SpineNavi/bin/X64_Debug/../../data/Tracking 2023-08-05/test3.png"
