%YAML:1.0
---
K: !!opencv-matrix
   rows: 3
   cols: 3
   dt: d
   data: [ 4.9031427000000003e+03, 0., 7.2802150600000004e+02, 0.,
       4.8976669499999998e+03, 6.4509995800000002e+02, 0., 0., 1. ]
DistCoeffs: !!opencv-matrix
   rows: 1
   cols: 5
   dt: d
   data: [ 7.7676976699999997e-02, -3.1595135000000001e+00,
       1.8602709999999999e-03, 6.2622624500000001e-03,
       -9.7853785200000001e+00 ]
rvec: !!opencv-matrix
   rows: 3
   cols: 1
   dt: d
   data: [ 1.3906415811595203e+00, 1.1005784087719810e+00,
       1.4649026263464937e+00 ]
tvec: !!opencv-matrix
   rows: 3
   cols: 1
   dt: d
   data: [ -1.6769573521916933e-01, 1.7675437595562532e-01,
       9.7677422976274175e-01 ]
rb2wsMat: !!opencv-matrix
   rows: 4
   cols: 4
   dt: f
   data: [ 9.98818874e-01, 1.52881444e-02, -4.61214073e-02, 0.,
       -1.50327701e-02, 9.99869704e-01, 5.87878842e-03, 0.,
       4.62052710e-02, -5.17851207e-03, 9.98918533e-01, 0.,
       -2.80670077e-01, 5.13183773e-01, 1.02204075e-02, 1. ]
imgFile: "D:/Spine Project/SpineNavi/bin/X64_Debug/../../data/Tracking 2023-08-05/test0.png"
