%YAML:1.0
---
K: !!opencv-matrix
   rows: 3
   cols: 3
   dt: d
   data: [ 4.9031427000000003e+03, 0., 7.2802150600000004e+02, 0.,
       4.8976669499999998e+03, 6.4509995800000002e+02, 0., 0., 1. ]
DistCoeffs: !!opencv-matrix
   rows: 1
   cols: 5
   dt: d
   data: [ 7.7676976699999997e-02, -3.1595135000000001e+00,
       1.8602709999999999e-03, 6.2622624500000001e-03,
       -9.7853785200000001e+00 ]
rvec: !!opencv-matrix
   rows: 3
   cols: 1
   dt: d
   data: [ -1.4727449967846056e+00, -9.2100376289002883e-01,
       1.2471246391980355e+00 ]
tvec: !!opencv-matrix
   rows: 3
   cols: 1
   dt: d
   data: [ 1.8623695399068182e-01, 1.6571893361134932e-01,
       1.0758122737891181e-01 ]
rb2wsMat: !!opencv-matrix
   rows: 4
   cols: 4
   dt: f
   data: [ 9.98789251e-01, 1.45571074e-02, -4.69909348e-02, 0.,
       -1.42885027e-02, 9.99879658e-01, 6.04694569e-03, 0.,
       4.70733009e-02, -5.36819408e-03, 9.98876989e-01, 0.,
       -2.80711234e-01, 5.13279974e-01, 1.02195404e-02, 1. ]
imgFile: "D:/Spine Project/SpineNavi/bin/X64_Release/../../data/Tracking 2023-08-05/test2.png"
