%YAML:1.0
---
K: !!opencv-matrix
   rows: 3
   cols: 3
   dt: d
   data: [ 4.9031427000000003e+03, 0., 7.2802150600000004e+02, 0.,
       4.8976669499999998e+03, 6.4509995800000002e+02, 0., 0., 1. ]
DistCoeffs: !!opencv-matrix
   rows: 1
   cols: 5
   dt: d
   data: [ 7.7676976699999997e-02, -3.1595135000000001e+00,
       1.8602709999999999e-03, 6.2622624500000001e-03,
       -9.7853785200000001e+00 ]
rvec: !!opencv-matrix
   rows: 3
   cols: 1
   dt: d
   data: [ 1.3906415811595203e+00, 1.1005784087719810e+00,
       1.4649026263464937e+00 ]
tvec: !!opencv-matrix
   rows: 3
   cols: 1
   dt: d
   data: [ -1.6769573521916933e-01, 1.7675437595562532e-01,
       9.7677422976274175e-01 ]
rb2wsMat: !!opencv-matrix
   rows: 4
   cols: 4
   dt: f
   data: [ 9.98812199e-01, 1.53782619e-02, -4.62356843e-02, 0.,
       -1.51183298e-02, 9.99867916e-01, 5.96637605e-03, 0.,
       4.63213287e-02, -5.26028266e-03, 9.98912752e-01, 0.,
       -2.80696213e-01, 5.13187468e-01, 1.02214506e-02, 1. ]
imgFile: "D:/Spine Project/SpineNavi/bin/X64_Debug/../../data/Tracking 2023-08-05/test1.png"
