%YAML:1.0
---
K: !!opencv-matrix
   rows: 3
   cols: 3
   dt: d
   data: [ 4.9031427000000003e+03, 0., 7.2802150600000004e+02, 0.,
       4.8976669499999998e+03, 6.4509995800000002e+02, 0., 0., 1. ]
DistCoeffs: !!opencv-matrix
   rows: 1
   cols: 5
   dt: d
   data: [ 7.7676976699999997e-02, -3.1595135000000001e+00,
       1.8602709999999999e-03, 6.2622624500000001e-03,
       -9.7853785200000001e+00 ]
rvec: !!opencv-matrix
   rows: 3
   cols: 1
   dt: d
   data: [ -2.0622494120170813e+00, -1.0923722061845544e+00,
       1.0978375024205123e+00 ]
tvec: !!opencv-matrix
   rows: 3
   cols: 1
   dt: d
   data: [ 3.6060994692281567e-01, 2.5229033112768071e-02,
       1.6956306966899784e-01 ]
rb2wsMat: !!opencv-matrix
   rows: 4
   cols: 4
   dt: f
   data: [ 9.99999821e-01, 2.56049039e-04, 5.21129929e-04, 0.,
       -2.56014580e-04, 9.99999940e-01, -6.62427847e-05, 0.,
       -5.21146925e-04, 6.61093582e-05, 9.99999881e-01, 0.,
       -1.10937230e-01, 4.94979650e-01, 1.55132320e-02, 1. ]
imgFile: "D:/Spine Project/SpineNavi/bin/X64_Debug/../../data/Tracking 2023-08-05/test2.png"
