%YAML:1.0
---
K: !!opencv-matrix
   rows: 3
   cols: 3
   dt: d
   data: [ 4.9031427000000003e+03, 0., 7.2802150600000004e+02, 0.,
       4.8976669499999998e+03, 6.4509995800000002e+02, 0., 0., 1. ]
DistCoeffs: !!opencv-matrix
   rows: 1
   cols: 5
   dt: d
   data: [ 7.7676976699999997e-02, -3.1595135000000001e+00,
       1.8602709999999999e-03, 6.2622624500000001e-03,
       -9.7853785200000001e+00 ]
rvec: !!opencv-matrix
   rows: 3
   cols: 1
   dt: d
   data: [ 8.6830323492280026e-01, 1.7988793894377657e+00,
       -2.3199547655352366e+00 ]
tvec: !!opencv-matrix
   rows: 3
   cols: 1
   dt: d
   data: [ -3.9290580927485724e-01, -2.8756508126654846e-02,
       5.2816015371128999e-01 ]
rb2wsMat: !!opencv-matrix
   rows: 4
   cols: 4
   dt: f
   data: [ 8.68027568e-01, -1.65852040e-01, 4.67997134e-01, 0.,
       2.03592092e-01, 9.78570461e-01, -3.08242328e-02, 0.,
       -4.52855885e-01, 1.22036785e-01, 8.83192301e-01, 0.,
       -1.94464829e-02, 5.91501474e-01, -1.87259540e-01, 1. ]
imgFile: "D:/Spine Project/SpineNavi/bin/X64_Debug/../../data/Tracking 2023-08-05/test3.png"
