%YAML:1.0
---
rvec: !!opencv-matrix
   rows: 3
   cols: 1
   dt: d
   data: [ 2.0241875811256893e+00, -2.0579434060426854e-01,
       6.1373827655682417e-02 ]
tvec: !!opencv-matrix
   rows: 3
   cols: 1
   dt: d
   data: [ -7.7217843547598558e-02, 1.4909471580415520e-01,
       1.1369126001733216e+00 ]
