%YAML:1.0
---
rvec: !!opencv-matrix
   rows: 3
   cols: 1
   dt: d
   data: [ 1.9776252972062469e+00, -1.9406854818507857e-01,
       3.2313429062663490e-02 ]
tvec: !!opencv-matrix
   rows: 3
   cols: 1
   dt: d
   data: [ -5.9378403497116462e-02, 1.7732754166115960e-01,
       1.1267554396986377e+00 ]
