%YAML:1.0
---
K: !!opencv-matrix
   rows: 3
   cols: 3
   dt: d
   data: [ 4.9207502485278455e+03, 0., 6.0728068677556496e+02, 0.,
       4.9217065396176995e+03, 8.1401212519385138e+02, 0., 0., 1. ]
DistCoeffs: !!opencv-matrix
   rows: 1
   cols: 5
   dt: d
   data: [ -8.0898144841779124e-02, 1.0435686938662621e+00,
       1.4257357513986640e-02, -3.9395255781461153e-03,
       -4.2558745932303549e-01 ]
rvec: !!opencv-matrix
   rows: 3
   cols: 1
   dt: d
   data: [ 1.9755105774645105e+00, -1.9317202060978642e-01,
       3.0087794062991766e-02 ]
tvec: !!opencv-matrix
   rows: 3
   cols: 1
   dt: d
   data: [ -5.8472519487454501e-02, 1.7831022929155299e-01,
       1.1248074681988902e+00 ]
rb2wsMat: !!opencv-matrix
   rows: 4
   cols: 4
   dt: f
   data: [ 9.99983728e-01, 5.08433906e-03, 2.59231729e-03, 0.,
       -5.07658767e-03, 9.99982655e-01, -2.98803858e-03, 0.,
       -2.60746432e-03, 2.97482964e-03, 9.99992192e-01, 0.,
       9.35029164e-02, 3.32461029e-01, 1.33179617e+00, 1. ]
imgFile: "test1_139068147729446.png"
