%YAML:1.0
---
K: !!opencv-matrix
   rows: 3
   cols: 3
   dt: d
   data: [ 4.9207502485278455e+03, 0., 6.0728068677556496e+02, 0.,
       4.9217065396176995e+03, 8.1401212519385138e+02, 0., 0., 1. ]
DistCoeffs: !!opencv-matrix
   rows: 1
   cols: 5
   dt: d
   data: [ -8.0898144841779124e-02, 1.0435686938662621e+00,
       1.4257357513986640e-02, -3.9395255781461153e-03,
       -4.2558745932303549e-01 ]
rvec: !!opencv-matrix
   rows: 3
   cols: 1
   dt: d
   data: [ 2.0080325361413252e+00, -1.9288413850666533e-01,
       2.2062070096712870e-02 ]
tvec: !!opencv-matrix
   rows: 3
   cols: 1
   dt: d
   data: [ -5.7006797765228830e-02, 1.6834337459841800e-01,
       1.1327945588766064e+00 ]
rb2wsMat: !!opencv-matrix
   rows: 4
   cols: 4
   dt: f
   data: [ 9.99971390e-01, 7.48733385e-03, 1.08655752e-03, 0.,
       -7.48115079e-03, 9.99956429e-01, -5.58714895e-03, 0.,
       -1.12834293e-03, 5.57886017e-03, 9.99983788e-01, 0.,
       6.97562248e-02, 1.43919587e-01, 1.40172482e+00, 1. ]
imgFile: "test1_139068148353854.png"
