%YAML:1.0
---
K: !!opencv-matrix
   rows: 3
   cols: 3
   dt: d
   data: [ 4.9207502485278455e+03, 0., 6.0728068677556496e+02, 0.,
       4.9217065396176995e+03, 8.1401212519385138e+02, 0., 0., 1. ]
DistCoeffs: !!opencv-matrix
   rows: 1
   cols: 5
   dt: d
   data: [ -8.0898144841779124e-02, 1.0435686938662621e+00,
       1.4257357513986640e-02, -3.9395255781461153e-03,
       -4.2558745932303549e-01 ]
rvec: !!opencv-matrix
   rows: 3
   cols: 1
   dt: d
   data: [ 1.9887973098103040e+00, -1.9670721885177309e-01,
       3.4301134198479653e-02 ]
tvec: !!opencv-matrix
   rows: 3
   cols: 1
   dt: d
   data: [ -6.0187519098112464e-02, 1.7420922684204029e-01,
       1.1262316767367442e+00 ]
rb2wsMat: !!opencv-matrix
   rows: 4
   cols: 4
   dt: f
   data: [ 9.99952853e-01, 8.21552519e-03, 5.17576654e-03, 0.,
       -8.18838459e-03, 9.99952734e-01, -5.24344016e-03, 0.,
       -5.21859992e-03, 5.20081166e-03, 9.99972880e-01, 0.,
       6.54286444e-02, 1.78965241e-01, 1.39538598e+00, 1. ]
imgFile: "test1_139068147613703.png"
