%YAML:1.0
---
K: !!opencv-matrix
   rows: 3
   cols: 3
   dt: d
   data: [ 4.9207502485278455e+03, 0., 6.0728068677556496e+02, 0.,
       4.9217065396176995e+03, 8.1401212519385138e+02, 0., 0., 1. ]
DistCoeffs: !!opencv-matrix
   rows: 1
   cols: 5
   dt: d
   data: [ -8.0898144841779124e-02, 1.0435686938662621e+00,
       1.4257357513986640e-02, -3.9395255781461153e-03,
       -4.2558745932303549e-01 ]
rvec: !!opencv-matrix
   rows: 3
   cols: 1
   dt: d
   data: [ 1.9760797436198358e+00, -1.9369464737117942e-01,
       3.0675471539856974e-02 ]
tvec: !!opencv-matrix
   rows: 3
   cols: 1
   dt: d
   data: [ -5.8703513098858226e-02, 1.7806523328094703e-01,
       1.1260824620623213e+00 ]
rb2wsMat: !!opencv-matrix
   rows: 4
   cols: 4
   dt: f
   data: [ 9.99971032e-01, 7.57912407e-03, 7.27027887e-04, 0.,
       -7.57509051e-03, 9.99956727e-01, -5.39891934e-03, 0.,
       -7.67915510e-04, 5.39325597e-03, 9.99985158e-01, 0.,
       6.89570084e-02, 1.37058675e-01, 1.40431821e+00, 1. ]
imgFile: "test1_139068148082249.png"
