%YAML:1.0
---
K: !!opencv-matrix
   rows: 3
   cols: 3
   dt: d
   data: [ 4.9207502485278455e+03, 0., 6.0728068677556496e+02, 0.,
       4.9217065396176995e+03, 8.1401212519385138e+02, 0., 0., 1. ]
DistCoeffs: !!opencv-matrix
   rows: 1
   cols: 5
   dt: d
   data: [ -8.0898144841779124e-02, 1.0435686938662621e+00,
       1.4257357513986640e-02, -3.9395255781461153e-03,
       -4.2558745932303549e-01 ]
rvec: !!opencv-matrix
   rows: 3
   cols: 1
   dt: d
   data: [ 1.9687333071365245e+00, -1.9429464637940844e-01,
       3.5542912447922397e-02 ]
tvec: !!opencv-matrix
   rows: 3
   cols: 1
   dt: d
   data: [ -5.9403040465614884e-02, 1.8163067215820078e-01,
       1.1252432701798949e+00 ]
rb2wsMat: !!opencv-matrix
   rows: 4
   cols: 4
   dt: f
   data: [ 9.99957919e-01, 7.22552836e-03, -5.65069634e-03, 0.,
       -7.22911488e-03, 9.99973655e-01, -6.14486868e-04, 0.,
       5.64610772e-03, 6.55310578e-04, 9.99983847e-01, 0.,
       1.32725373e-01, 4.60917026e-01, 1.27003539e+00, 1. ]
imgFile: "test1_139068146357061.png"
