%YAML:1.0
---
K: !!opencv-matrix
   rows: 3
   cols: 3
   dt: d
   data: [ 4.9207502485278455e+03, 0., 6.0728068677556496e+02, 0.,
       4.9217065396176995e+03, 8.1401212519385138e+02, 0., 0., 1. ]
DistCoeffs: !!opencv-matrix
   rows: 1
   cols: 5
   dt: d
   data: [ -8.0898144841779124e-02, 1.0435686938662621e+00,
       1.4257357513986640e-02, -3.9395255781461153e-03,
       -4.2558745932303549e-01 ]
rvec: !!opencv-matrix
   rows: 3
   cols: 1
   dt: d
   data: [ 1.9950634423986950e+00, -1.9263924708877497e-01,
       2.1769551971970700e-02 ]
tvec: !!opencv-matrix
   rows: 3
   cols: 1
   dt: d
   data: [ -5.6587312676692571e-02, 1.7249179268657180e-01,
       1.1304341153310349e+00 ]
rb2wsMat: !!opencv-matrix
   rows: 4
   cols: 4
   dt: f
   data: [ 9.99971807e-01, 7.41516473e-03, 1.16496929e-03, 0.,
       -7.40855886e-03, 9.99957025e-01, -5.57626970e-03, 0.,
       -1.20626809e-03, 5.56748174e-03, 9.99983788e-01, 0.,
       6.97527081e-02, 1.43919066e-01, 1.40178370e+00, 1. ]
imgFile: "test1_139068148299199.png"
