%YAML:1.0
---
K: !!opencv-matrix
   rows: 3
   cols: 3
   dt: d
   data: [ 4.9207502485278455e+03, 0., 6.0728068677556496e+02, 0.,
       4.9217065396176995e+03, 8.1401212519385138e+02, 0., 0., 1. ]
DistCoeffs: !!opencv-matrix
   rows: 1
   cols: 5
   dt: d
   data: [ -8.0898144841779124e-02, 1.0435686938662621e+00,
       1.4257357513986640e-02, -3.9395255781461153e-03,
       -4.2558745932303549e-01 ]
rvec: !!opencv-matrix
   rows: 3
   cols: 1
   dt: d
   data: [ 1.9776252972062469e+00, -1.9406854818507857e-01,
       3.2313429062663490e-02 ]
tvec: !!opencv-matrix
   rows: 3
   cols: 1
   dt: d
   data: [ -5.9378403497116462e-02, 1.7732754166115960e-01,
       1.1267554396986377e+00 ]
rb2wsMat: !!opencv-matrix
   rows: 4
   cols: 4
   dt: f
   data: [ 9.81439471e-01, -1.76751301e-01, 7.44015649e-02, 0.,
       1.78505793e-01, 9.83781815e-01, -1.75791103e-02, 0.,
       -7.00877830e-02, 3.05339415e-02, 9.97073412e-01, 0.,
       2.01000273e-01, 1.97634891e-01, 1.37098980e+00, 1. ]
imgFile: "test2_139068149715405.png"
