%YAML:1.0
---
K: !!opencv-matrix
   rows: 3
   cols: 3
   dt: d
   data: [ 4.9207502485278455e+03, 0., 6.0728068677556496e+02, 0.,
       4.9217065396176995e+03, 8.1401212519385138e+02, 0., 0., 1. ]
DistCoeffs: !!opencv-matrix
   rows: 1
   cols: 5
   dt: d
   data: [ -8.0898144841779124e-02, 1.0435686938662621e+00,
       1.4257357513986640e-02, -3.9395255781461153e-03,
       -4.2558745932303549e-01 ]
rvec: !!opencv-matrix
   rows: 3
   cols: 1
   dt: d
   data: [ 2.0011205908637937e+00, -1.9289091757072166e-01,
       2.6614282661330903e-02 ]
tvec: !!opencv-matrix
   rows: 3
   cols: 1
   dt: d
   data: [ -5.7010996206354442e-02, 1.6306015379230054e-01,
       1.1356064705264051e+00 ]
rb2wsMat: !!opencv-matrix
   rows: 4
   cols: 4
   dt: f
   data: [ 9.99990880e-01, 3.73646454e-03, 2.06460268e-03, 0.,
       -3.73470108e-03, 9.99992669e-01, -8.57387553e-04, 0.,
       -2.06779107e-03, 8.49669101e-04, 9.99997497e-01, 0.,
       9.76471305e-02, 3.74077469e-01, 1.31989634e+00, 1. ]
imgFile: "test1_139068148689930.png"
