%YAML:1.0
---
K: !!opencv-matrix
   rows: 3
   cols: 3
   dt: d
   data: [ 4.9207502485278455e+03, 0., 6.0728068677556496e+02, 0.,
       4.9217065396176995e+03, 8.1401212519385138e+02, 0., 0., 1. ]
DistCoeffs: !!opencv-matrix
   rows: 1
   cols: 5
   dt: d
   data: [ -8.0898144841779124e-02, 1.0435686938662621e+00,
       1.4257357513986640e-02, -3.9395255781461153e-03,
       -4.2558745932303549e-01 ]
rvec: !!opencv-matrix
   rows: 3
   cols: 1
   dt: d
   data: [ 1.9800769402771567e+00, -1.9508101277587409e-01,
       3.4041909179281980e-02 ]
tvec: !!opencv-matrix
   rows: 3
   cols: 1
   dt: d
   data: [ -6.0380605970842424e-02, 1.7596281909728440e-01,
       1.1280685045961241e+00 ]
rb2wsMat: !!opencv-matrix
   rows: 4
   cols: 4
   dt: f
   data: [ 9.99983847e-01, 5.58805279e-03, 1.04253727e-03, 0.,
       -5.58629818e-03, 9.99983013e-01, -1.67812477e-03, 0.,
       -1.05189707e-03, 1.67227373e-03, 9.99998033e-01, 0.,
       7.40985349e-02, 1.91118687e-01, 1.38762009e+00, 1. ]
imgFile: "test1_139068148763281.png"
