%YAML:1.0
---
K: !!opencv-matrix
   rows: 3
   cols: 3
   dt: d
   data: [ 4.9207502485278455e+03, 0., 6.0728068677556496e+02, 0.,
       4.9217065396176995e+03, 8.1401212519385138e+02, 0., 0., 1. ]
DistCoeffs: !!opencv-matrix
   rows: 1
   cols: 5
   dt: d
   data: [ -8.0898144841779124e-02, 1.0435686938662621e+00,
       1.4257357513986640e-02, -3.9395255781461153e-03,
       -4.2558745932303549e-01 ]
rvec: !!opencv-matrix
   rows: 3
   cols: 1
   dt: d
   data: [ 1.9661656630243605e+00, -1.9635761921996089e-01,
       3.7889387524862782e-02 ]
tvec: !!opencv-matrix
   rows: 3
   cols: 1
   dt: d
   data: [ -6.0672005409850821e-02, 1.8317439849154285e-01,
       1.1224172295263994e+00 ]
rb2wsMat: !!opencv-matrix
   rows: 4
   cols: 4
   dt: f
   data: [ 9.99974787e-01, 6.08670665e-03, -3.66196269e-03, 0.,
       -6.07646396e-03, 9.99977589e-01, 2.80170701e-03, 0.,
       3.67893372e-03, -2.77938461e-03, 9.99989390e-01, 0.,
       1.26607925e-01, 4.10573363e-01, 1.28894854e+00, 1. ]
imgFile: "test1_139068146492584.png"
