%YAML:1.0
---
K: !!opencv-matrix
   rows: 3
   cols: 3
   dt: d
   data: [ 4.9207502485278455e+03, 0., 6.0728068677556496e+02, 0.,
       4.9217065396176995e+03, 8.1401212519385138e+02, 0., 0., 1. ]
DistCoeffs: !!opencv-matrix
   rows: 1
   cols: 5
   dt: d
   data: [ -8.0898144841779124e-02, 1.0435686938662621e+00,
       1.4257357513986640e-02, -3.9395255781461153e-03,
       -4.2558745932303549e-01 ]
rvec: !!opencv-matrix
   rows: 3
   cols: 1
   dt: d
   data: [ 1.9685036484235217e+00, -1.9402131258608635e-01,
       3.5604402621909691e-02 ]
tvec: !!opencv-matrix
   rows: 3
   cols: 1
   dt: d
   data: [ -5.9386411157931633e-02, 1.8176535399696500e-01,
       1.1247190671336924e+00 ]
rb2wsMat: !!opencv-matrix
   rows: 4
   cols: 4
   dt: f
   data: [ 9.99974370e-01, 6.20381720e-03, -3.56683065e-03, 0.,
       -6.19422924e-03, 9.99977171e-01, 2.69278535e-03, 0.,
       3.58345476e-03, -2.67062266e-03, 9.99989986e-01, 0.,
       1.26569033e-01, 4.10581797e-01, 1.28900027e+00, 1. ]
imgFile: "test1_139068146410821.png"
