%YAML:1.0
---
K: !!opencv-matrix
   rows: 3
   cols: 3
   dt: d
   data: [ 4.9207502485278455e+03, 0., 6.0728068677556496e+02, 0.,
       4.9217065396176995e+03, 8.1401212519385138e+02, 0., 0., 1. ]
DistCoeffs: !!opencv-matrix
   rows: 1
   cols: 5
   dt: d
   data: [ -8.0898144841779124e-02, 1.0435686938662621e+00,
       1.4257357513986640e-02, -3.9395255781461153e-03,
       -4.2558745932303549e-01 ]
rvec: !!opencv-matrix
   rows: 3
   cols: 1
   dt: d
   data: [ 1.9762977764807184e+00, -1.9350984583594402e-01,
       3.0282710019238053e-02 ]
tvec: !!opencv-matrix
   rows: 3
   cols: 1
   dt: d
   data: [ -5.8564286550226274e-02, 1.7799293440931113e-01,
       1.1257574519098963e+00 ]
rb2wsMat: !!opencv-matrix
   rows: 4
   cols: 4
   dt: f
   data: [ 9.99985576e-01, 4.63933172e-03, 2.70858849e-03, 0.,
       -4.63117147e-03, 9.99984741e-01, -3.01141338e-03, 0.,
       -2.72251829e-03, 2.99882609e-03, 9.99991775e-01, 0.,
       1.01243854e-01, 3.92328858e-01, 1.30953598e+00, 1. ]
imgFile: "test1_139068147763281.png"
