%YAML:1.0
---
K: !!opencv-matrix
   rows: 3
   cols: 3
   dt: d
   data: [ 4.9207502485278455e+03, 0., 6.0728068677556496e+02, 0.,
       4.9217065396176995e+03, 8.1401212519385138e+02, 0., 0., 1. ]
DistCoeffs: !!opencv-matrix
   rows: 1
   cols: 5
   dt: d
   data: [ -8.0898144841779124e-02, 1.0435686938662621e+00,
       1.4257357513986640e-02, -3.9395255781461153e-03,
       -4.2558745932303549e-01 ]
rvec: !!opencv-matrix
   rows: 3
   cols: 1
   dt: d
   data: [ 1.9766257731574564e+00, -1.5515750091480404e-01,
       6.0956544814934253e-02 ]
tvec: !!opencv-matrix
   rows: 3
   cols: 1
   dt: d
   data: [ -5.9447780862285096e-02, 1.7948419185688683e-01,
       1.1246621443028355e+00 ]
rb2wsMat: !!opencv-matrix
   rows: 4
   cols: 4
   dt: f
   data: [ 1., 4.32063134e-05, -4.73262844e-06, 0., -4.32065171e-05, 1.,
       -4.34931790e-05, 0., 4.73074942e-06, 4.34933827e-05, 1., 0.,
       1.16023563e-01, 2.83734560e-01, 1.33534539e+00, 1. ]
imgFile: "test1_139068144499783.png"
