%YAML:1.0
---
K: !!opencv-matrix
   rows: 3
   cols: 3
   dt: d
   data: [ 4.9207502485278455e+03, 0., 6.0728068677556496e+02, 0.,
       4.9217065396176995e+03, 8.1401212519385138e+02, 0., 0., 1. ]
DistCoeffs: !!opencv-matrix
   rows: 1
   cols: 5
   dt: d
   data: [ -8.0898144841779124e-02, 1.0435686938662621e+00,
       1.4257357513986640e-02, -3.9395255781461153e-03,
       -4.2558745932303549e-01 ]
rvec: !!opencv-matrix
   rows: 3
   cols: 1
   dt: d
   data: [ 1.9668035415414025e+00, -1.9523943230225332e-01,
       3.7719257529998468e-02 ]
tvec: !!opencv-matrix
   rows: 3
   cols: 1
   dt: d
   data: [ -6.0430422410030493e-02, 1.8272753187943080e-01,
       1.1231280601916434e+00 ]
rb2wsMat: !!opencv-matrix
   rows: 4
   cols: 4
   dt: f
   data: [ 9.99974728e-01, 6.08763658e-03, -3.67898773e-03, 0.,
       -6.07699342e-03, 9.99977350e-01, 2.89711985e-03, 0.,
       3.69654084e-03, -2.87468941e-03, 9.99989033e-01, 0.,
       1.26600623e-01, 4.10571933e-01, 1.28897154e+00, 1. ]
imgFile: "test1_139068146438531.png"
