%YAML:1.0
---
K: !!opencv-matrix
   rows: 3
   cols: 3
   dt: d
   data: [ 4.9207502485278455e+03, 0., 6.0728068677556496e+02, 0.,
       4.9217065396176995e+03, 8.1401212519385138e+02, 0., 0., 1. ]
DistCoeffs: !!opencv-matrix
   rows: 1
   cols: 5
   dt: d
   data: [ -8.0898144841779124e-02, 1.0435686938662621e+00,
       1.4257357513986640e-02, -3.9395255781461153e-03,
       -4.2558745932303549e-01 ]
rvec: !!opencv-matrix
   rows: 3
   cols: 1
   dt: d
   data: [ 1.9684054514282840e+00, -1.9643135106098533e-01,
       3.7566738138569207e-02 ]
tvec: !!opencv-matrix
   rows: 3
   cols: 1
   dt: d
   data: [ -6.0878065680596900e-02, 1.8240424332932278e-01,
       1.1225878077644633e+00 ]
rb2wsMat: !!opencv-matrix
   rows: 4
   cols: 4
   dt: f
   data: [ 9.99972105e-01, 6.53208187e-03, -3.61706829e-03, 0.,
       -6.52414886e-03, 9.99976277e-01, 2.20078207e-03, 0.,
       3.63135803e-03, -2.17712228e-03, 9.99991059e-01, 0.,
       1.18122786e-01, 3.41825038e-01, 1.31419516e+00, 1. ]
imgFile: "test1_139068146618127.png"
