%YAML:1.0
---
K: !!opencv-matrix
   rows: 3
   cols: 3
   dt: d
   data: [ 4.9207502485278455e+03, 0., 6.0728068677556496e+02, 0.,
       4.9217065396176995e+03, 8.1401212519385138e+02, 0., 0., 1. ]
DistCoeffs: !!opencv-matrix
   rows: 1
   cols: 5
   dt: d
   data: [ -8.0898144841779124e-02, 1.0435686938662621e+00,
       1.4257357513986640e-02, -3.9395255781461153e-03,
       -4.2558745932303549e-01 ]
rvec: !!opencv-matrix
   rows: 3
   cols: 1
   dt: d
   data: [ 1.9723999009728586e+00, -1.9397189832355732e-01,
       3.2537671476857405e-02 ]
tvec: !!opencv-matrix
   rows: 3
   cols: 1
   dt: d
   data: [ -5.9455722084536672e-02, 1.8081926308677962e-01,
       1.1253542977869733e+00 ]
rb2wsMat: !!opencv-matrix
   rows: 4
   cols: 4
   dt: f
   data: [ 9.96187568e-01, -8.15678388e-02, 3.09358723e-02, 0.,
       8.18934590e-02, 9.96596694e-01, -9.40664764e-03, 0.,
       -3.00633088e-02, 1.19042313e-02, 9.99477088e-01, 0.,
       1.62974238e-01, 1.99584559e-01, 1.35938525e+00, 1. ]
imgFile: "test1_139068145515951.png"
