%YAML:1.0
---
K: !!opencv-matrix
   rows: 3
   cols: 3
   dt: d
   data: [ 4.9207502485278455e+03, 0., 6.0728068677556496e+02, 0.,
       4.9217065396176995e+03, 8.1401212519385138e+02, 0., 0., 1. ]
DistCoeffs: !!opencv-matrix
   rows: 1
   cols: 5
   dt: d
   data: [ -8.0898144841779124e-02, 1.0435686938662621e+00,
       1.4257357513986640e-02, -3.9395255781461153e-03,
       -4.2558745932303549e-01 ]
rvec: !!opencv-matrix
   rows: 3
   cols: 1
   dt: d
   data: [ 1.9682818363405818e+00, -1.9602249342529202e-01,
       3.7267128965874835e-02 ]
tvec: !!opencv-matrix
   rows: 3
   cols: 1
   dt: d
   data: [ -6.0686452396144140e-02, 1.8245551183630582e-01,
       1.1227399101218203e+00 ]
rb2wsMat: !!opencv-matrix
   rows: 4
   cols: 4
   dt: f
   data: [ 9.99972761e-01, 6.48068497e-03, -3.53067508e-03, 0.,
       -6.47253683e-03, 9.99976397e-01, 2.31442694e-03, 0.,
       3.54559068e-03, -2.29151128e-03, 9.99991059e-01, 0.,
       1.18163146e-01, 3.41743797e-01, 1.31428075e+00, 1. ]
imgFile: "test1_139068146570150.png"
