%YAML:1.0
---
K: !!opencv-matrix
   rows: 3
   cols: 3
   dt: d
   data: [ 4.9207502485278455e+03, 0., 6.0728068677556496e+02, 0.,
       4.9217065396176995e+03, 8.1401212519385138e+02, 0., 0., 1. ]
DistCoeffs: !!opencv-matrix
   rows: 1
   cols: 5
   dt: d
   data: [ -8.0898144841779124e-02, 1.0435686938662621e+00,
       1.4257357513986640e-02, -3.9395255781461153e-03,
       -4.2558745932303549e-01 ]
rvec: !!opencv-matrix
   rows: 3
   cols: 1
   dt: d
   data: [ 1.9701756311755776e+00, -1.9576936398330275e-01,
       3.7188165227547788e-02 ]
tvec: !!opencv-matrix
   rows: 3
   cols: 1
   dt: d
   data: [ -6.0861813517082947e-02, 1.8159300406092332e-01,
       1.1229980636591357e+00 ]
rb2wsMat: !!opencv-matrix
   rows: 4
   cols: 4
   dt: f
   data: [ 9.99954879e-01, 8.71940982e-03, -3.77639732e-03, 0.,
       -8.72050133e-03, 9.99961913e-01, -2.72666715e-04, 0.,
       3.77387623e-03, 3.05586465e-04, 9.99992847e-01, 0.,
       1.04217380e-01, 2.31376424e-01, 1.35505021e+00, 1. ]
imgFile: "test1_139068147073504.png"
