%YAML:1.0
---
K: !!opencv-matrix
   rows: 3
   cols: 3
   dt: d
   data: [ 4.9207502485278455e+03, 0., 6.0728068677556496e+02, 0.,
       4.9217065396176995e+03, 8.1401212519385138e+02, 0., 0., 1. ]
DistCoeffs: !!opencv-matrix
   rows: 1
   cols: 5
   dt: d
   data: [ -8.0898144841779124e-02, 1.0435686938662621e+00,
       1.4257357513986640e-02, -3.9395255781461153e-03,
       -4.2558745932303549e-01 ]
rvec: !!opencv-matrix
   rows: 3
   cols: 1
   dt: d
   data: [ 1.9827246275331831e+00, -1.9327751361982606e-01,
       2.8723916139897197e-02 ]
tvec: !!opencv-matrix
   rows: 3
   cols: 1
   dt: d
   data: [ -5.8277699888515090e-02, 1.7606354271267469e-01,
       1.1251422219444862e+00 ]
rb2wsMat: !!opencv-matrix
   rows: 4
   cols: 4
   dt: f
   data: [ 9.99957561e-01, 7.80137768e-03, 4.89763822e-03, 0.,
       -7.77885551e-03, 9.99959171e-01, -4.60087508e-03, 0.,
       -4.93333116e-03, 4.56258189e-03, 9.99977410e-01, 0.,
       6.85132816e-02, 2.03546330e-01, 1.38623190e+00, 1. ]
imgFile: "test1_139068147633325.png"
