%YAML:1.0
---
K: !!opencv-matrix
   rows: 3
   cols: 3
   dt: d
   data: [ 4.9207502485278455e+03, 0., 6.0728068677556496e+02, 0.,
       4.9217065396176995e+03, 8.1401212519385138e+02, 0., 0., 1. ]
DistCoeffs: !!opencv-matrix
   rows: 1
   cols: 5
   dt: d
   data: [ -8.0898144841779124e-02, 1.0435686938662621e+00,
       1.4257357513986640e-02, -3.9395255781461153e-03,
       -4.2558745932303549e-01 ]
rvec: !!opencv-matrix
   rows: 3
   cols: 1
   dt: d
   data: [ 2.0092897702329457e+00, -1.9394117521376930e-01,
       2.4118901567729573e-02 ]
tvec: !!opencv-matrix
   rows: 3
   cols: 1
   dt: d
   data: [ -5.7681059826741071e-02, 1.6799591032513764e-01,
       1.1326448391725201e+00 ]
rb2wsMat: !!opencv-matrix
   rows: 4
   cols: 4
   dt: f
   data: [ 9.99953389e-01, 8.64333939e-03, 4.30034706e-03, 0.,
       -8.61962978e-03, 9.99947727e-01, -5.50159533e-03, 0.,
       -4.34767408e-03, 5.46427164e-03, 9.99975622e-01, 0.,
       6.25245050e-02, 1.54969066e-01, 1.40423656e+00, 1. ]
imgFile: "test1_139068147599508.png"
