%YAML:1.0
---
K: !!opencv-matrix
   rows: 3
   cols: 3
   dt: d
   data: [ 4.9207502485278455e+03, 0., 6.0728068677556496e+02, 0.,
       4.9217065396176995e+03, 8.1401212519385138e+02, 0., 0., 1. ]
DistCoeffs: !!opencv-matrix
   rows: 1
   cols: 5
   dt: d
   data: [ -8.0898144841779124e-02, 1.0435686938662621e+00,
       1.4257357513986640e-02, -3.9395255781461153e-03,
       -4.2558745932303549e-01 ]
rvec: !!opencv-matrix
   rows: 3
   cols: 1
   dt: d
   data: [ 1.9760797436198358e+00, -1.9369464737117942e-01,
       3.0675471539856974e-02 ]
tvec: !!opencv-matrix
   rows: 3
   cols: 1
   dt: d
   data: [ -5.8703513098858226e-02, 1.7806523328094703e-01,
       1.1260824620623213e+00 ]
rb2wsMat: !!opencv-matrix
   rows: 4
   cols: 4
   dt: f
   data: [ 9.99979854e-01, 5.89307724e-03, 2.35552341e-03, 0.,
       -5.88293420e-03, 9.99973476e-01, -4.29022219e-03, 0.,
       -2.38074362e-03, 4.27627843e-03, 9.99988019e-01, 0.,
       8.48839879e-02, 2.63558328e-01, 1.35750830e+00, 1. ]
imgFile: "test1_139068147987083.png"
