%YAML:1.0
---
K: !!opencv-matrix
   rows: 3
   cols: 3
   dt: d
   data: [ 4.9207502485278455e+03, 0., 6.0728068677556496e+02, 0.,
       4.9217065396176995e+03, 8.1401212519385138e+02, 0., 0., 1. ]
DistCoeffs: !!opencv-matrix
   rows: 1
   cols: 5
   dt: d
   data: [ -8.0898144841779124e-02, 1.0435686938662621e+00,
       1.4257357513986640e-02, -3.9395255781461153e-03,
       -4.2558745932303549e-01 ]
rvec: !!opencv-matrix
   rows: 3
   cols: 1
   dt: d
   data: [ 2.0063635822005788e+00, -1.9371176088421302e-01,
       2.4244421482075999e-02 ]
tvec: !!opencv-matrix
   rows: 3
   cols: 1
   dt: d
   data: [ -5.7625147508118250e-02, 1.6890331980369647e-01,
       1.1321555525474496e+00 ]
rb2wsMat: !!opencv-matrix
   rows: 4
   cols: 4
   dt: f
   data: [ 9.99988437e-01, 4.36592847e-03, 2.02589156e-03, 0.,
       -4.36249934e-03, 9.99989033e-01, -1.69413281e-03, 0.,
       -2.03326577e-03, 1.68527523e-03, 9.99996483e-01, 0.,
       9.22172293e-02, 3.33043814e-01, 1.33524549e+00, 1. ]
imgFile: "test1_139068148470313.png"
