%YAML:1.0
---
K: !!opencv-matrix
   rows: 3
   cols: 3
   dt: d
   data: [ 4.9207502485278455e+03, 0., 6.0728068677556496e+02, 0.,
       4.9217065396176995e+03, 8.1401212519385138e+02, 0., 0., 1. ]
DistCoeffs: !!opencv-matrix
   rows: 1
   cols: 5
   dt: d
   data: [ -8.0898144841779124e-02, 1.0435686938662621e+00,
       1.4257357513986640e-02, -3.9395255781461153e-03,
       -4.2558745932303549e-01 ]
rvec: !!opencv-matrix
   rows: 3
   cols: 1
   dt: d
   data: [ 1.9773039582746812e+00, -1.9445474764976486e-01,
       3.3278784681363541e-02 ]
tvec: !!opencv-matrix
   rows: 3
   cols: 1
   dt: d
   data: [ -5.9851469041824146e-02, 1.7748507355191653e-01,
       1.1270238692134869e+00 ]
rb2wsMat: !!opencv-matrix
   rows: 4
   cols: 4
   dt: f
   data: [ 9.99978721e-01, 6.51801331e-03, 2.19593188e-04, 0.,
       -6.51717326e-03, 9.99972165e-01, -3.63034871e-03, 0.,
       -2.43249742e-04, 3.62884044e-03, 9.99993384e-01, 0.,
       6.72610998e-02, 1.36290163e-01, 1.40790761e+00, 1. ]
imgFile: "test1_139068148780923.png"
