%YAML:1.0
---
K: !!opencv-matrix
   rows: 3
   cols: 3
   dt: d
   data: [ 4.9207502485278455e+03, 0., 6.0728068677556496e+02, 0.,
       4.9217065396176995e+03, 8.1401212519385138e+02, 0., 0., 1. ]
DistCoeffs: !!opencv-matrix
   rows: 1
   cols: 5
   dt: d
   data: [ -8.0898144841779124e-02, 1.0435686938662621e+00,
       1.4257357513986640e-02, -3.9395255781461153e-03,
       -4.2558745932303549e-01 ]
rvec: !!opencv-matrix
   rows: 3
   cols: 1
   dt: d
   data: [ 1.9813866427945837e+00, -1.9101440138043380e-01,
       2.9504866638202384e-02 ]
tvec: !!opencv-matrix
   rows: 3
   cols: 1
   dt: d
   data: [ -5.8558541442504108e-02, 1.7639011137840097e-01,
       1.1266580666819894e+00 ]
rb2wsMat: !!opencv-matrix
   rows: 4
   cols: 4
   dt: f
   data: [ 9.99999642e-01, 5.99528837e-04, -5.77590312e-04, 0.,
       -5.99869585e-04, 9.99999642e-01, -5.89978881e-04, 0.,
       5.77236409e-04, 5.90325100e-04, 9.99999642e-01, 0.,
       1.14485279e-01, 2.71704495e-01, 1.33985841e+00, 1. ]
imgFile: "test1_139068144838058.png"
