%YAML:1.0
---
K: !!opencv-matrix
   rows: 3
   cols: 3
   dt: d
   data: [ 4.9207502485278455e+03, 0., 6.0728068677556496e+02, 0.,
       4.9217065396176995e+03, 8.1401212519385138e+02, 0., 0., 1. ]
DistCoeffs: !!opencv-matrix
   rows: 1
   cols: 5
   dt: d
   data: [ -8.0898144841779124e-02, 1.0435686938662621e+00,
       1.4257357513986640e-02, -3.9395255781461153e-03,
       -4.2558745932303549e-01 ]
rvec: !!opencv-matrix
   rows: 3
   cols: 1
   dt: d
   data: [ 1.9708188396961532e+00, -1.9539678521201304e-01,
       3.7691345247620640e-02 ]
tvec: !!opencv-matrix
   rows: 3
   cols: 1
   dt: d
   data: [ -6.1082135677549040e-02, 1.8122141090057325e-01,
       1.1231394076470802e+00 ]
rb2wsMat: !!opencv-matrix
   rows: 4
   cols: 4
   dt: f
   data: [ 9.99952555e-01, 9.29060858e-03, -2.92125205e-03, 0.,
       -9.29104257e-03, 9.99956846e-01, -1.34905480e-04, 0.,
       2.91987276e-03, 1.62040553e-04, 9.99995708e-01, 0.,
       1.00378454e-01, 2.31549695e-01, 1.35428774e+00, 1. ]
imgFile: "test1_139068147112150.png"
