%YAML:1.0
---
K: !!opencv-matrix
   rows: 3
   cols: 3
   dt: d
   data: [ 4.9207502485278455e+03, 0., 6.0728068677556496e+02, 0.,
       4.9217065396176995e+03, 8.1401212519385138e+02, 0., 0., 1. ]
DistCoeffs: !!opencv-matrix
   rows: 1
   cols: 5
   dt: d
   data: [ -8.0898144841779124e-02, 1.0435686938662621e+00,
       1.4257357513986640e-02, -3.9395255781461153e-03,
       -4.2558745932303549e-01 ]
rvec: !!opencv-matrix
   rows: 3
   cols: 1
   dt: d
   data: [ 1.9760797436198358e+00, -1.9369464737117942e-01,
       3.0675471539856974e-02 ]
tvec: !!opencv-matrix
   rows: 3
   cols: 1
   dt: d
   data: [ -5.8703513098858226e-02, 1.7806523328094703e-01,
       1.1260824620623213e+00 ]
rb2wsMat: !!opencv-matrix
   rows: 4
   cols: 4
   dt: f
   data: [ 9.99985158e-01, 4.90970211e-03, 2.36312300e-03, 0.,
       -4.90297424e-03, 9.99983907e-01, -2.84447824e-03, 0.,
       -2.37705046e-03, 2.83284974e-03, 9.99993145e-01, 0.,
       9.62532759e-02, 3.53585005e-01, 1.32392812e+00, 1. ]
imgFile: "test1_139068147892960.png"
