%YAML:1.0
---
K: !!opencv-matrix
   rows: 3
   cols: 3
   dt: d
   data: [ 4.9207502485278455e+03, 0., 6.0728068677556496e+02, 0.,
       4.9217065396176995e+03, 8.1401212519385138e+02, 0., 0., 1. ]
DistCoeffs: !!opencv-matrix
   rows: 1
   cols: 5
   dt: d
   data: [ -8.0898144841779124e-02, 1.0435686938662621e+00,
       1.4257357513986640e-02, -3.9395255781461153e-03,
       -4.2558745932303549e-01 ]
rvec: !!opencv-matrix
   rows: 3
   cols: 1
   dt: d
   data: [ 1.9727543095730327e+00, -1.9384212898652517e-01,
       3.2372035779747066e-02 ]
tvec: !!opencv-matrix
   rows: 3
   cols: 1
   dt: d
   data: [ -5.9375749491848984e-02, 1.8061692632775739e-01,
       1.1257869174340103e+00 ]
rb2wsMat: !!opencv-matrix
   rows: 4
   cols: 4
   dt: f
   data: [ 9.99999642e-01, -6.84011437e-04, -4.34072223e-04, 0.,
       6.84565806e-04, 9.99998927e-01, 1.27831916e-03, 0.,
       4.33197361e-04, -1.27861579e-03, 9.99999106e-01, 0.,
       1.27224132e-01, 3.76004457e-01, 1.30123878e+00, 1. ]
imgFile: "test1_139068145313561.png"
