%YAML:1.0
---
K: !!opencv-matrix
   rows: 3
   cols: 3
   dt: d
   data: [ 4.9207502485278455e+03, 0., 6.0728068677556496e+02, 0.,
       4.9217065396176995e+03, 8.1401212519385138e+02, 0., 0., 1. ]
DistCoeffs: !!opencv-matrix
   rows: 1
   cols: 5
   dt: d
   data: [ -8.0898144841779124e-02, 1.0435686938662621e+00,
       1.4257357513986640e-02, -3.9395255781461153e-03,
       -4.2558745932303549e-01 ]
rvec: !!opencv-matrix
   rows: 3
   cols: 1
   dt: d
   data: [ 1.9681012406759111e+00, -1.9547481429564084e-01,
       3.6374860378937196e-02 ]
tvec: !!opencv-matrix
   rows: 3
   cols: 1
   dt: d
   data: [ -6.0248311991672063e-02, 1.8252325891623578e-01,
       1.1231101616230896e+00 ]
rb2wsMat: !!opencv-matrix
   rows: 4
   cols: 4
   dt: f
   data: [ 9.99972701e-01, 6.48220303e-03, -3.54920095e-03, 0.,
       -6.47400832e-03, 9.99976337e-01, 2.31549772e-03, 0.,
       3.56412679e-03, -2.29245680e-03, 9.99991000e-01, 0.,
       1.18154645e-01, 3.41812491e-01, 1.31423795e+00, 1. ]
imgFile: "test1_139068146545524.png"
