%YAML:1.0
---
K: !!opencv-matrix
   rows: 3
   cols: 3
   dt: d
   data: [ 4.9207502485278455e+03, 0., 6.0728068677556496e+02, 0.,
       4.9217065396176995e+03, 8.1401212519385138e+02, 0., 0., 1. ]
DistCoeffs: !!opencv-matrix
   rows: 1
   cols: 5
   dt: d
   data: [ -8.0898144841779124e-02, 1.0435686938662621e+00,
       1.4257357513986640e-02, -3.9395255781461153e-03,
       -4.2558745932303549e-01 ]
rvec: !!opencv-matrix
   rows: 3
   cols: 1
   dt: d
   data: [ 1.9777536633549373e+00, -1.9370936375129477e-01,
       3.1167235967930286e-02 ]
tvec: !!opencv-matrix
   rows: 3
   cols: 1
   dt: d
   data: [ -5.8911245728587774e-02, 1.7764101068519705e-01,
       1.1239933386524599e+00 ]
rb2wsMat: !!opencv-matrix
   rows: 4
   cols: 4
   dt: f
   data: [ 9.99952555e-01, 7.54138408e-03, 6.16939180e-03, 0.,
       -7.50990445e-03, 9.99958754e-01, -5.10983588e-03, 0.,
       -6.20767288e-03, 5.06326137e-03, 9.99967933e-01, 0.,
       7.60983601e-02, 2.63538659e-01, 1.36393273e+00, 1. ]
imgFile: "test1_139068147666384.png"
