%YAML:1.0
---
K: !!opencv-matrix
   rows: 3
   cols: 3
   dt: d
   data: [ 4.9207502485278455e+03, 0., 6.0728068677556496e+02, 0.,
       4.9217065396176995e+03, 8.1401212519385138e+02, 0., 0., 1. ]
DistCoeffs: !!opencv-matrix
   rows: 1
   cols: 5
   dt: d
   data: [ -8.0898144841779124e-02, 1.0435686938662621e+00,
       1.4257357513986640e-02, -3.9395255781461153e-03,
       -4.2558745932303549e-01 ]
rvec: !!opencv-matrix
   rows: 3
   cols: 1
   dt: d
   data: [ 1.9742584494568156e+00, -1.9407803613576419e-01,
       3.2813699221813826e-02 ]
tvec: !!opencv-matrix
   rows: 3
   cols: 1
   dt: d
   data: [ -5.9674136803510323e-02, 1.7976867238705743e-01,
       1.1266652211754449e+00 ]
rb2wsMat: !!opencv-matrix
   rows: 4
   cols: 4
   dt: f
   data: [ 9.99999762e-01, -6.22254040e-04, -3.52447270e-04, 0.,
       6.22684660e-04, 9.99999046e-01, 1.22286996e-03, 0.,
       3.51686031e-04, -1.22308906e-03, 9.99999166e-01, 0.,
       1.27198547e-01, 3.75988960e-01, 1.30125451e+00, 1. ]
imgFile: "test1_139068145282616.png"
