%YAML:1.0
---
K: !!opencv-matrix
   rows: 3
   cols: 3
   dt: d
   data: [ 4.9207502485278455e+03, 0., 6.0728068677556496e+02, 0.,
       4.9217065396176995e+03, 8.1401212519385138e+02, 0., 0., 1. ]
DistCoeffs: !!opencv-matrix
   rows: 1
   cols: 5
   dt: d
   data: [ -8.0898144841779124e-02, 1.0435686938662621e+00,
       1.4257357513986640e-02, -3.9395255781461153e-03,
       -4.2558745932303549e-01 ]
rvec: !!opencv-matrix
   rows: 3
   cols: 1
   dt: d
   data: [ 2.0108945624693915e+00, -1.9348985150929096e-01,
       2.2792958293764830e-02 ]
tvec: !!opencv-matrix
   rows: 3
   cols: 1
   dt: d
   data: [ -5.7304199587891215e-02, 1.6738255999996091e-01,
       1.1338016867511844e+00 ]
rb2wsMat: !!opencv-matrix
   rows: 4
   cols: 4
   dt: f
   data: [ 9.99971449e-01, 7.44809536e-03, 1.27581996e-03, 0.,
       -7.44091952e-03, 9.99956965e-01, -5.54001005e-03, 0.,
       -1.31702749e-03, 5.53035876e-03, 9.99983847e-01, 0.,
       6.97520375e-02, 1.43905863e-01, 1.40175343e+00, 1. ]
imgFile: "test1_139068148336647.png"
