%YAML:1.0
---
K: !!opencv-matrix
   rows: 3
   cols: 3
   dt: d
   data: [ 4.9207502485278455e+03, 0., 6.0728068677556496e+02, 0.,
       4.9217065396176995e+03, 8.1401212519385138e+02, 0., 0., 1. ]
DistCoeffs: !!opencv-matrix
   rows: 1
   cols: 5
   dt: d
   data: [ -8.0898144841779124e-02, 1.0435686938662621e+00,
       1.4257357513986640e-02, -3.9395255781461153e-03,
       -4.2558745932303549e-01 ]
rvec: !!opencv-matrix
   rows: 3
   cols: 1
   dt: d
   data: [ 1.9809752715555398e+00, -1.9382283629315869e-01,
       3.0522768244416226e-02 ]
tvec: !!opencv-matrix
   rows: 3
   cols: 1
   dt: d
   data: [ -5.8799704068326894e-02, 1.7659998594337167e-01,
       1.1246694646657416e+00 ]
rb2wsMat: !!opencv-matrix
   rows: 4
   cols: 4
   dt: f
   data: [ 9.99958992e-01, 7.50565436e-03, 5.07208705e-03, 0.,
       -7.48102274e-03, 9.99960244e-01, -4.85800020e-03, 0.,
       -5.10834809e-03, 4.81985603e-03, 9.99975324e-01, 0.,
       7.16775134e-02, 2.28372395e-01, 1.37700212e+00, 1. ]
imgFile: "test1_139068147650259.png"
