%YAML:1.0
---
K: !!opencv-matrix
   rows: 3
   cols: 3
   dt: d
   data: [ 4.9207502485278455e+03, 0., 6.0728068677556496e+02, 0.,
       4.9217065396176995e+03, 8.1401212519385138e+02, 0., 0., 1. ]
DistCoeffs: !!opencv-matrix
   rows: 1
   cols: 5
   dt: d
   data: [ -8.0898144841779124e-02, 1.0435686938662621e+00,
       1.4257357513986640e-02, -3.9395255781461153e-03,
       -4.2558745932303549e-01 ]
rvec: !!opencv-matrix
   rows: 3
   cols: 1
   dt: d
   data: [ 1.9816108631641520e+00, -1.9538636382633415e-01,
       3.5492498459842807e-02 ]
tvec: !!opencv-matrix
   rows: 3
   cols: 1
   dt: d
   data: [ -6.1161660124765010e-02, 1.7504590801136050e-01,
       1.1291955902188120e+00 ]
rb2wsMat: !!opencv-matrix
   rows: 4
   cols: 4
   dt: f
   data: [ 9.99990344e-01, 4.00938746e-03, 1.78570091e-03, 0.,
       -4.00628243e-03, 9.99990463e-01, -1.73905515e-03, 0.,
       -1.79265649e-03, 1.73188443e-03, 9.99996901e-01, 0.,
       9.23208296e-02, 3.31796169e-01, 1.33562469e+00, 1. ]
imgFile: "test1_139068148709769.png"
