%YAML:1.0
---
K: !!opencv-matrix
   rows: 3
   cols: 3
   dt: d
   data: [ 4.9207502485278455e+03, 0., 6.0728068677556496e+02, 0.,
       4.9217065396176995e+03, 8.1401212519385138e+02, 0., 0., 1. ]
DistCoeffs: !!opencv-matrix
   rows: 1
   cols: 5
   dt: d
   data: [ -8.0898144841779124e-02, 1.0435686938662621e+00,
       1.4257357513986640e-02, -3.9395255781461153e-03,
       -4.2558745932303549e-01 ]
rvec: !!opencv-matrix
   rows: 3
   cols: 1
   dt: d
   data: [ 2.0012262872225239e+00, -1.9486700620678296e-01,
       2.9667242053024668e-02 ]
tvec: !!opencv-matrix
   rows: 3
   cols: 1
   dt: d
   data: [ -5.9287077398021276e-02, 1.6431452196331098e-01,
       1.1345753674350609e+00 ]
rb2wsMat: !!opencv-matrix
   rows: 4
   cols: 4
   dt: f
   data: [ 9.99999702e-01, -6.77437347e-04, -4.20660799e-04, 0.,
       6.77960285e-04, 9.99998987e-01, 1.24429993e-03, 0.,
       4.19817428e-04, -1.24458468e-03, 9.99999166e-01, 0.,
       1.27203763e-01, 3.75993311e-01, 1.30124235e+00, 1. ]
imgFile: "test1_139068145240749.png"
