%YAML:1.0
---
K: !!opencv-matrix
   rows: 3
   cols: 3
   dt: d
   data: [ 4.9207502485278455e+03, 0., 6.0728068677556496e+02, 0.,
       4.9217065396176995e+03, 8.1401212519385138e+02, 0., 0., 1. ]
DistCoeffs: !!opencv-matrix
   rows: 1
   cols: 5
   dt: d
   data: [ -8.0898144841779124e-02, 1.0435686938662621e+00,
       1.4257357513986640e-02, -3.9395255781461153e-03,
       -4.2558745932303549e-01 ]
rvec: !!opencv-matrix
   rows: 3
   cols: 1
   dt: d
   data: [ 1.9687612160502646e+00, -1.9597083943607471e-01,
       3.6798414867943753e-02 ]
tvec: !!opencv-matrix
   rows: 3
   cols: 1
   dt: d
   data: [ -6.0661719302504698e-02, 1.8228759293263111e-01,
       1.1228176763626698e+00 ]
rb2wsMat: !!opencv-matrix
   rows: 4
   cols: 4
   dt: f
   data: [ 9.99955475e-01, 8.57205689e-03, -3.94966686e-03, 0.,
       -8.57163221e-03, 9.99963284e-01, 1.24262995e-04, 0.,
       3.95058701e-03, -9.04023618e-05, 9.99992192e-01, 0.,
       1.04245685e-01, 2.31347337e-01, 1.35510290e+00, 1. ]
imgFile: "test1_139068146696924.png"
