%YAML:1.0
---
K: !!opencv-matrix
   rows: 3
   cols: 3
   dt: d
   data: [ 4.9207502485278455e+03, 0., 6.0728068677556496e+02, 0.,
       4.9217065396176995e+03, 8.1401212519385138e+02, 0., 0., 1. ]
DistCoeffs: !!opencv-matrix
   rows: 1
   cols: 5
   dt: d
   data: [ -8.0898144841779124e-02, 1.0435686938662621e+00,
       1.4257357513986640e-02, -3.9395255781461153e-03,
       -4.2558745932303549e-01 ]
rvec: !!opencv-matrix
   rows: 3
   cols: 1
   dt: d
   data: [ 1.9807320662468790e+00, -1.9559297464326789e-01,
       3.4928215285298048e-02 ]
tvec: !!opencv-matrix
   rows: 3
   cols: 1
   dt: d
   data: [ -6.0891558745539032e-02, 1.7558805592496954e-01,
       1.1284090961080750e+00 ]
rb2wsMat: !!opencv-matrix
   rows: 4
   cols: 4
   dt: f
   data: [ 9.99986887e-01, 4.95792273e-03, 1.27924117e-03, 0.,
       -4.95416764e-03, 9.99983430e-01, -2.92175286e-03, 0.,
       -1.29370578e-03, 2.91537703e-03, 9.99994934e-01, 0.,
       8.21459591e-02, 2.53836870e-01, 1.36457634e+00, 1. ]
imgFile: "test1_139068148747613.png"
