%YAML:1.0
---
K: !!opencv-matrix
   rows: 3
   cols: 3
   dt: d
   data: [ 4.9207502485278455e+03, 0., 6.0728068677556496e+02, 0.,
       4.9217065396176995e+03, 8.1401212519385138e+02, 0., 0., 1. ]
DistCoeffs: !!opencv-matrix
   rows: 1
   cols: 5
   dt: d
   data: [ -8.0898144841779124e-02, 1.0435686938662621e+00,
       1.4257357513986640e-02, -3.9395255781461153e-03,
       -4.2558745932303549e-01 ]
rvec: !!opencv-matrix
   rows: 3
   cols: 1
   dt: d
   data: [ 1.9762328147017896e+00, -1.9327415860409897e-01,
       3.0000435393107459e-02 ]
tvec: !!opencv-matrix
   rows: 3
   cols: 1
   dt: d
   data: [ -5.8459140332504787e-02, 1.7803120239069270e-01,
       1.1253490667703119e+00 ]
rb2wsMat: !!opencv-matrix
   rows: 4
   cols: 4
   dt: f
   data: [ 9.99983311e-01, 5.02625434e-03, 2.84944079e-03, 0.,
       -5.01756603e-03, 9.99982774e-01, -3.04805511e-03, 0.,
       -2.86471215e-03, 3.03370715e-03, 9.99991298e-01, 0.,
       9.80671644e-02, 3.67086560e-01, 1.31891608e+00, 1. ]
imgFile: "test1_139068147744565.png"
