%YAML:1.0
---
K: !!opencv-matrix
   rows: 3
   cols: 3
   dt: d
   data: [ 4.9207502485278455e+03, 0., 6.0728068677556496e+02, 0.,
       4.9217065396176995e+03, 8.1401212519385138e+02, 0., 0., 1. ]
DistCoeffs: !!opencv-matrix
   rows: 1
   cols: 5
   dt: d
   data: [ -8.0898144841779124e-02, 1.0435686938662621e+00,
       1.4257357513986640e-02, -3.9395255781461153e-03,
       -4.2558745932303549e-01 ]
rvec: !!opencv-matrix
   rows: 3
   cols: 1
   dt: d
   data: [ 1.9766257731574564e+00, -1.5515750091480404e-01,
       6.0956544814934253e-02 ]
tvec: !!opencv-matrix
   rows: 3
   cols: 1
   dt: d
   data: [ -5.9447780862285096e-02, 1.7948419185688683e-01,
       1.1246621443028355e+00 ]
rb2wsMat: !!opencv-matrix
   rows: 4
   cols: 4
   dt: f
   data: [ 9.99999583e-01, -6.75602350e-04, -5.91373537e-04, 0.,
       6.76572556e-04, 9.99998450e-01, 1.64191495e-03, 0.,
       5.90263284e-04, -1.64231448e-03, 9.99998450e-01, 0.,
       1.26584917e-01, 3.71056736e-01, 1.30324650e+00, 1. ]
imgFile: "test1_139068144982739.png"
