%YAML:1.0
---
K: !!opencv-matrix
   rows: 3
   cols: 3
   dt: d
   data: [ 4.9207502485278455e+03, 0., 6.0728068677556496e+02, 0.,
       4.9217065396176995e+03, 8.1401212519385138e+02, 0., 0., 1. ]
DistCoeffs: !!opencv-matrix
   rows: 1
   cols: 5
   dt: d
   data: [ -8.0898144841779124e-02, 1.0435686938662621e+00,
       1.4257357513986640e-02, -3.9395255781461153e-03,
       -4.2558745932303549e-01 ]
rvec: !!opencv-matrix
   rows: 3
   cols: 1
   dt: d
   data: [ 1.9720438919921750e+00, -1.9531841840052708e-01,
       3.7527596999741369e-02 ]
tvec: !!opencv-matrix
   rows: 3
   cols: 1
   dt: d
   data: [ -6.1055469573096009e-02, 1.8063424124605590e-01,
       1.1233709537935235e+00 ]
rb2wsMat: !!opencv-matrix
   rows: 4
   cols: 4
   dt: f
   data: [ 9.99960005e-01, 7.15336576e-03, 5.36869140e-03, 0.,
       -7.12902658e-03, 9.99964297e-01, -4.53911209e-03, 0.,
       -5.40096918e-03, 4.50065685e-03, 9.99975264e-01, 0.,
       7.37152621e-02, 2.45608151e-01, 1.37047601e+00, 1. ]
imgFile: "test1_139068147204392.png"
