%YAML:1.0
---
K: !!opencv-matrix
   rows: 3
   cols: 3
   dt: d
   data: [ 4.9207502485278455e+03, 0., 6.0728068677556496e+02, 0.,
       4.9217065396176995e+03, 8.1401212519385138e+02, 0., 0., 1. ]
DistCoeffs: !!opencv-matrix
   rows: 1
   cols: 5
   dt: d
   data: [ -8.0898144841779124e-02, 1.0435686938662621e+00,
       1.4257357513986640e-02, -3.9395255781461153e-03,
       -4.2558745932303549e-01 ]
rvec: !!opencv-matrix
   rows: 3
   cols: 1
   dt: d
   data: [ 1.9806073993459410e+00, -1.9670960653616415e-01,
       3.8411081779613575e-02 ]
tvec: !!opencv-matrix
   rows: 3
   cols: 1
   dt: d
   data: [ -6.2399422400274539e-02, 1.7682673211151131e-01,
       1.1246773155162140e+00 ]
rb2wsMat: !!opencv-matrix
   rows: 4
   cols: 4
   dt: f
   data: [ 9.99999702e-01, 4.81982919e-04, -5.92944969e-04, 0.,
       -4.82464471e-04, 9.99999583e-01, -8.12298851e-04, 0.,
       5.92553231e-04, 8.12584651e-04, 9.99999523e-01, 0.,
       1.12329848e-01, 2.53662258e-01, 1.34629428e+00, 1. ]
imgFile: "test1_139068144516767.png"
