%YAML:1.0
---
K: !!opencv-matrix
   rows: 3
   cols: 3
   dt: d
   data: [ 4.9207502485278455e+03, 0., 6.0728068677556496e+02, 0.,
       4.9217065396176995e+03, 8.1401212519385138e+02, 0., 0., 1. ]
DistCoeffs: !!opencv-matrix
   rows: 1
   cols: 5
   dt: d
   data: [ -8.0898144841779124e-02, 1.0435686938662621e+00,
       1.4257357513986640e-02, -3.9395255781461153e-03,
       -4.2558745932303549e-01 ]
rvec: !!opencv-matrix
   rows: 3
   cols: 1
   dt: d
   data: [ 1.9797105206152585e+00, -1.9401799337725656e-01,
       3.3604671730398418e-02 ]
tvec: !!opencv-matrix
   rows: 3
   cols: 1
   dt: d
   data: [ -6.0276542196904939e-02, 1.7716169282584140e-01,
       1.1253466128981027e+00 ]
rb2wsMat: !!opencv-matrix
   rows: 4
   cols: 4
   dt: f
   data: [ 9.99998629e-01, 9.24261985e-04, -1.35678134e-03, 0.,
       -9.26025794e-04, 9.99998748e-01, -1.29993691e-03, 0.,
       1.35557808e-03, 1.30119163e-03, 9.99998212e-01, 0.,
       1.09300926e-01, 2.28851110e-01, 1.35561764e+00, 1. ]
imgFile: "test1_139068144530078.png"
