%YAML:1.0
---
K: !!opencv-matrix
   rows: 3
   cols: 3
   dt: d
   data: [ 4.9207502485278455e+03, 0., 6.0728068677556496e+02, 0.,
       4.9217065396176995e+03, 8.1401212519385138e+02, 0., 0., 1. ]
DistCoeffs: !!opencv-matrix
   rows: 1
   cols: 5
   dt: d
   data: [ -8.0898144841779124e-02, 1.0435686938662621e+00,
       1.4257357513986640e-02, -3.9395255781461153e-03,
       -4.2558745932303549e-01 ]
rvec: !!opencv-matrix
   rows: 3
   cols: 1
   dt: d
   data: [ 2.0008281462638875e+00, -1.9021172437482736e-01,
       1.3396983085145385e-02 ]
tvec: !!opencv-matrix
   rows: 3
   cols: 1
   dt: d
   data: [ -5.4159516296043216e-02, 1.7068671757692674e-01,
       1.1324711995080787e+00 ]
rb2wsMat: !!opencv-matrix
   rows: 4
   cols: 4
   dt: f
   data: [ 9.99972045e-01, 7.38803437e-03, 1.14223664e-03, 0.,
       -7.38162315e-03, 9.99957502e-01, -5.51902875e-03, 0.,
       -1.18296291e-03, 5.51044289e-03, 9.99984145e-01, 0.,
       6.97537512e-02, 1.43919542e-01, 1.40174484e+00, 1. ]
imgFile: "test1_139068148320778.png"
