%YAML:1.0
---
K: !!opencv-matrix
   rows: 3
   cols: 3
   dt: d
   data: [ 4.9207502485278455e+03, 0., 6.0728068677556496e+02, 0.,
       4.9217065396176995e+03, 8.1401212519385138e+02, 0., 0., 1. ]
DistCoeffs: !!opencv-matrix
   rows: 1
   cols: 5
   dt: d
   data: [ -8.0898144841779124e-02, 1.0435686938662621e+00,
       1.4257357513986640e-02, -3.9395255781461153e-03,
       -4.2558745932303549e-01 ]
rvec: !!opencv-matrix
   rows: 3
   cols: 1
   dt: d
   data: [ 1.9825287578033901e+00, -1.9554018301411163e-01,
       3.4881435759593009e-02 ]
tvec: !!opencv-matrix
   rows: 3
   cols: 1
   dt: d
   data: [ -6.0923758396329103e-02, 1.7453257510050632e-01,
       1.1292230637820273e+00 ]
rb2wsMat: !!opencv-matrix
   rows: 4
   cols: 4
   dt: f
   data: [ 9.99985576e-01, 4.84019378e-03, 2.33434420e-03, 0.,
       -4.83510224e-03, 9.99985933e-01, -2.18181359e-03, 0.,
       -2.34487187e-03, 2.17049522e-03, 9.99994874e-01, 0.,
       8.68593752e-02, 2.89787650e-01, 1.35138583e+00, 1. ]
imgFile: "test1_139068148727417.png"
