%YAML:1.0
---
K: !!opencv-matrix
   rows: 3
   cols: 3
   dt: d
   data: [ 4.9207502485278455e+03, 0., 6.0728068677556496e+02, 0.,
       4.9217065396176995e+03, 8.1401212519385138e+02, 0., 0., 1. ]
DistCoeffs: !!opencv-matrix
   rows: 1
   cols: 5
   dt: d
   data: [ -8.0898144841779124e-02, 1.0435686938662621e+00,
       1.4257357513986640e-02, -3.9395255781461153e-03,
       -4.2558745932303549e-01 ]
rvec: !!opencv-matrix
   rows: 3
   cols: 1
   dt: d
   data: [ 1.9723999009728586e+00, -1.9397189832355732e-01,
       3.2537671476857405e-02 ]
tvec: !!opencv-matrix
   rows: 3
   cols: 1
   dt: d
   data: [ -5.9455722084536672e-02, 1.8081926308677962e-01,
       1.1253542977869733e+00 ]
rb2wsMat: !!opencv-matrix
   rows: 4
   cols: 4
   dt: f
   data: [ 9.99994636e-01, -5.00234528e-05, -3.26774875e-03, 0.,
       4.32446614e-05, 9.99997854e-01, -2.07449147e-03, 0.,
       3.26784560e-03, 2.07433919e-03, 9.99992490e-01, 0.,
       1.35577381e-01, 4.42251295e-01, 1.27630115e+00, 1. ]
imgFile: "test1_139068145470372.png"
