%YAML:1.0
---
K: !!opencv-matrix
   rows: 3
   cols: 3
   dt: d
   data: [ 4.9207502485278455e+03, 0., 6.0728068677556496e+02, 0.,
       4.9217065396176995e+03, 8.1401212519385138e+02, 0., 0., 1. ]
DistCoeffs: !!opencv-matrix
   rows: 1
   cols: 5
   dt: d
   data: [ -8.0898144841779124e-02, 1.0435686938662621e+00,
       1.4257357513986640e-02, -3.9395255781461153e-03,
       -4.2558745932303549e-01 ]
rvec: !!opencv-matrix
   rows: 3
   cols: 1
   dt: d
   data: [ 1.9808060794500264e+00, -1.9525737494125234e-01,
       4.1198139229618770e-02 ]
tvec: !!opencv-matrix
   rows: 3
   cols: 1
   dt: d
   data: [ -6.2591061081596136e-02, 1.7510771139595144e-01,
       1.1284745262871951e+00 ]
rb2wsMat: !!opencv-matrix
   rows: 4
   cols: 4
   dt: f
   data: [ 9.99958277e-01, 7.20954407e-03, -5.61272958e-03, 0.,
       -7.21356645e-03, 9.99973714e-01, -6.96757284e-04, 0.,
       5.60755888e-03, 7.37216033e-04, 9.99984026e-01, 0.,
       1.32751390e-01, 4.60893720e-01, 1.27008379e+00, 1. ]
imgFile: "test1_139068146294089.png"
