%YAML:1.0
---
ToolPos_0: !!opencv-matrix
   rows: 1
   cols: 3
   dt: f
   data: [ 2.90774822e-01, -3.37162852e-01, -1.83626100e-01 ]
ToolVec_0: !!opencv-matrix
   rows: 1
   cols: 3
   dt: f
   data: [ 9.68076825e-01, 1.37132868e-01, 2.09813580e-01 ]
ToolPos_1: !!opencv-matrix
   rows: 1
   cols: 3
   dt: f
   data: [ 1.50580890e-02, 2.50205040e-01, -7.76200145e-02 ]
ToolVec_1: !!opencv-matrix
   rows: 1
   cols: 3
   dt: f
   data: [ -5.80812879e-02, -9.60378468e-01, 2.72579879e-01 ]
