%YAML:1.0
---
rvec: !!opencv-matrix
   rows: 3
   cols: 1
   dt: d
   data: [ 1.8597281366754699e+00, 1.1158372524736958e-01,
       1.6725772462911564e-01 ]
tvec: !!opencv-matrix
   rows: 3
   cols: 1
   dt: d
   data: [ 3.4966872422120064e-02, 1.9591271240668659e-01,
       1.1244188624977940e+00 ]