%YAML:1.0
---
K: !!opencv-matrix
   rows: 3
   cols: 3
   dt: d
   data: [ 4.9207502485278455e+03, 0., 6.0728068677556496e+02, 0.,
       4.9217065396176995e+03, 8.1401212519385138e+02, 0., 0., 1. ]
DistCoeffs: !!opencv-matrix
   rows: 1
   cols: 5
   dt: d
   data: [ -8.0898144841779124e-02, 1.0435686938662621e+00,
       1.4257357513986640e-02, -3.9395255781461153e-03,
       -4.2558745932303549e-01 ]
rvec: !!opencv-matrix
   rows: 3
   cols: 1
   dt: d
   data: [ 1.8585554742291657e+00, 1.1231647149080314e-01,
       1.6625295388676184e-01 ]
tvec: !!opencv-matrix
   rows: 3
   cols: 1
   dt: d
   data: [ 3.5271444491545831e-02, 1.9662109832708646e-01,
       1.1247083431126983e+00 ]
rb2wsMat: !!opencv-matrix
   rows: 4
   cols: 4
   dt: f
   data: [ 9.97805357e-01, 2.61749700e-02, -6.08224720e-02, 0.,
       -1.98738091e-02, 9.94587183e-01, 1.01986945e-01, 0.,
       6.31627589e-02, -1.00554347e-01, 9.92924631e-01, 0.,
       -9.52842738e-03, 2.73667425e-01, 1.34785867e+00, 1. ]
imgFile: "test1_139095475778733.png"
