%YAML:1.0
---
K: !!opencv-matrix
   rows: 3
   cols: 3
   dt: d
   data: [ 4.9207502485278455e+03, 0., 6.0728068677556496e+02, 0.,
       4.9217065396176995e+03, 8.1401212519385138e+02, 0., 0., 1. ]
DistCoeffs: !!opencv-matrix
   rows: 1
   cols: 5
   dt: d
   data: [ -8.0898144841779124e-02, 1.0435686938662621e+00,
       1.4257357513986640e-02, -3.9395255781461153e-03,
       -4.2558745932303549e-01 ]
rvec: !!opencv-matrix
   rows: 3
   cols: 1
   dt: d
   data: [ 1.8585554742291657e+00, 1.1231647149080314e-01,
       1.6625295388676184e-01 ]
tvec: !!opencv-matrix
   rows: 3
   cols: 1
   dt: d
   data: [ 3.5271444491545831e-02, 1.9662109832708646e-01,
       1.1247083431126983e+00 ]
rb2wsMat: !!opencv-matrix
   rows: 4
   cols: 4
   dt: f
   data: [ 9.95374501e-01, -3.13459560e-02, 9.08131823e-02, 0.,
       1.95772275e-02, 9.91619945e-01, 1.27697334e-01, 0.,
       -9.40549597e-02, -1.25328794e-01, 9.87646878e-01, 0.,
       -1.17870346e-01, 1.17402948e-01, 1.36759877e+00, 1. ]
imgFile: "test1_139095481280078.png"
