%YAML:1.0
---
K: !!opencv-matrix
   rows: 1
   cols: 9
   dt: d
   data: [ 4.9031433200000001e+03, 0., 5.6697676300000001e+02, 0.,
       4.8976674800000001e+03, 6.4509941200000003e+02, 0., 0., 1. ]
DistCoeffs: !!opencv-matrix
   rows: 1
   cols: 5
   dt: d
   data: [ -4.4114790700000003e-02, 1.0189881900000000e+00,
       6.7924207699999995e-04, -1.1699043300000000e-02,
       3.4274857600000003e-01 ]
rvec: !!opencv-matrix
   rows: 3
   cols: 1
   dt: d
   data: [ -1.3108296949805558e+00, -1.2915207834104099e+00,
       -1.1898573260716596e+00 ]
tvec: !!opencv-matrix
   rows: 3
   cols: 1
   dt: d
   data: [ 5.7793664664234301e-02, 1.8427320690607940e-01,
       9.9446450146994214e-01 ]
rb2wsMat: !!opencv-matrix
   rows: 4
   cols: 4
   dt: f
   data: [ -9.85594511e-01, 5.61403558e-02, -1.59535989e-01, 0.,
       3.26904729e-02, 9.88747656e-01, 1.45980060e-01, 0.,
       1.65936157e-01, 1.38661832e-01, -9.76339161e-01, 0.,
       -4.74359393e-01, 4.06445086e-01, -5.10747313e-01, 1. ]
imgFile: "../data/Tracking Test 2023-04-30/7799.png"
