%YAML:1.0
---
K: !!opencv-matrix
   rows: 1
   cols: 9
   dt: d
   data: [ 4.9031433200000001e+03, 0., 5.6697676300000001e+02, 0.,
       4.8976674800000001e+03, 6.4509941200000003e+02, 0., 0., 1. ]
DistCoeffs: !!opencv-matrix
   rows: 1
   cols: 5
   dt: d
   data: [ -4.4114790700000003e-02, 1.0189881900000000e+00,
       6.7924207699999995e-04, -1.1699043300000000e-02,
       3.4274857600000003e-01 ]
rvec: !!opencv-matrix
   rows: 3
   cols: 1
   dt: d
   data: [ -1.3108296949805558e+00, -1.2915207834104099e+00,
       -1.1898573260716596e+00 ]
tvec: !!opencv-matrix
   rows: 3
   cols: 1
   dt: d
   data: [ 5.7793664664234301e-02, 1.8427320690607940e-01,
       9.9446450146994214e-01 ]
rb2wsMat: !!opencv-matrix
   rows: 4
   cols: 4
   dt: f
   data: [ -2.97889709e-02, 9.97043073e-01, 7.08366036e-02, 0.,
       9.84712303e-01, 4.14407849e-02, -1.69187650e-01, 0.,
       -1.71622887e-01, 6.47137314e-02, -9.83034968e-01, 0.,
       1.22468300e-01, 9.20745313e-01, -6.50221825e-01, 1. ]
imgFile: "E:/Genoray/Zenis/image/Emergency_3236/7470.png"
