%YAML:1.0
---
rvec: !!opencv-matrix
   rows: 3
   cols: 1
   dt: d
   data: [ 2.0250084389347554e+00, -5.4135656150608891e-02,
       1.5695600190393441e-02 ]
tvec: !!opencv-matrix
   rows: 3
   cols: 1
   dt: d
   data: [ 4.7223918587532915e-02, 2.4966369553978512e-01,
       1.1143390389131924e+00 ]
