%YAML:1.0
---
rvec: !!opencv-matrix
   rows: 3
   cols: 1
   dt: d
   data: [ 1.2990991202843105e+00, 1.2395974038727278e+00,
       1.1870897372316596e+00 ]
tvec: !!opencv-matrix
   rows: 3
   cols: 1
   dt: d
   data: [ -7.2207211908024579e-02, 1.7188051659417547e-01,
       9.9414585239797482e-01 ]
