%YAML:1.0
---
rvec: !!opencv-matrix
   rows: 3
   cols: 1
   dt: d
   data: [ 1.6348426112523495e+00, 9.0236710907450879e-01,
       1.6100229375124386e+00 ]
tvec: !!opencv-matrix
   rows: 3
   cols: 1
   dt: d
   data: [ -1.6141746432970580e-01, 1.7151668740553580e-01,
       9.8865883994371262e-01 ]
