%YAML:1.0
---
K: !!opencv-matrix
   rows: 3
   cols: 3
   dt: d
   data: [ 4.9031427000000003e+03, 0., 7.2802150600000004e+02, 0.,
       4.8976669499999998e+03, 6.4509995800000002e+02, 0., 0., 1. ]
DistCoeffs: !!opencv-matrix
   rows: 1
   cols: 5
   dt: d
   data: [ 7.7676976699999997e-02, -3.1595135000000001e+00,
       1.8602709999999999e-03, 6.2622624500000001e-03,
       -9.7853785200000001e+00 ]
rvec: !!opencv-matrix
   rows: 3
   cols: 1
   dt: d
   data: [ 1.2990991202843105e+00, 1.2395974038727278e+00,
       1.1870897372316596e+00 ]
tvec: !!opencv-matrix
   rows: 3
   cols: 1
   dt: d
   data: [ -7.2207211908024579e-02, 1.7188051659417547e-01,
       9.9414585239797482e-01 ]
rb2wsMat: !!opencv-matrix
   rows: 4
   cols: 4
   dt: f
   data: [ -9.89820957e-02, -2.66277224e-01, -9.58800912e-01, 0.,
       -9.64937329e-01, 2.61077046e-01, 2.71094739e-02, 0.,
       2.43102342e-01, 9.27865982e-01, -2.82782793e-01, 0.,
       -3.82683516e-01, -2.07086235e-01, 1.33160365e+00, 1. ]
imgFile: "D:/Spine Project/SpineNavi/bin/X64_Release/../../data/Tracking 2023-08-24/test2.png"
