%YAML:1.0
---
K: !!opencv-matrix
   rows: 3
   cols: 3
   dt: d
   data: [ 4.9031427000000003e+03, 0., 7.2802150600000004e+02, 0.,
       4.8976669499999998e+03, 6.4509995800000002e+02, 0., 0., 1. ]
DistCoeffs: !!opencv-matrix
   rows: 1
   cols: 5
   dt: d
   data: [ 7.7676976699999997e-02, -3.1595135000000001e+00,
       1.8602709999999999e-03, 6.2622624500000001e-03,
       -9.7853785200000001e+00 ]
rvec: !!opencv-matrix
   rows: 3
   cols: 1
   dt: d
   data: [ 1.2990991202843105e+00, 1.2395974038727278e+00,
       1.1870897372316596e+00 ]
tvec: !!opencv-matrix
   rows: 3
   cols: 1
   dt: d
   data: [ -7.2207211908024579e-02, 1.7188051659417547e-01,
       9.9414585239797482e-01 ]
rb2wsMat: !!opencv-matrix
   rows: 4
   cols: 4
   dt: f
   data: [ -4.73934412e-02, -2.49294683e-01, -9.67267334e-01, 0.,
       1.20262250e-01, 9.59887326e-01, -2.53285140e-01, 0.,
       9.91610229e-01, -1.28329799e-01, -1.55116320e-02, 0.,
       -6.31762519e-02, 1.24333732e-01, 1.21851552e+00, 1. ]
imgFile: "D:/Spine Project/SpineNavi/bin/X64_Release/../../data/Tracking 2023-08-24/test3.png"
