%YAML:1.0
---
K: !!opencv-matrix
   rows: 3
   cols: 3
   dt: d
   data: [ 4.9031427000000003e+03, 0., 7.2802150600000004e+02, 0.,
       4.8976669499999998e+03, 6.4509995800000002e+02, 0., 0., 1. ]
DistCoeffs: !!opencv-matrix
   rows: 1
   cols: 5
   dt: d
   data: [ 7.7676976699999997e-02, -3.1595135000000001e+00,
       1.8602709999999999e-03, 6.2622624500000001e-03,
       -9.7853785200000001e+00 ]
rvec: !!opencv-matrix
   rows: 3
   cols: 1
   dt: d
   data: [ 2.0250084389347554e+00, -5.4135656150608891e-02,
       1.5695600190393441e-02 ]
tvec: !!opencv-matrix
   rows: 3
   cols: 1
   dt: d
   data: [ 4.7223918587532915e-02, 2.4966369553978512e-01,
       1.1143390389131924e+00 ]
rb2wsMat: !!opencv-matrix
   rows: 4
   cols: 4
   dt: f
   data: [ 1.95294440e-01, 9.01870966e-01, -3.85342509e-01, 0.,
       -8.91681552e-01, 3.26880872e-01, 3.13134134e-01, 0.,
       4.08367664e-01, 2.82449424e-01, 8.68019700e-01, 0.,
       -5.29354036e-01, -1.61457092e-01, 1.62020183e+00, 1. ]
imgFile: "D:/Spine Project/SpineNavi/bin/X64_Debug/../../data/Tracking 2023-08-24/test2_139060214086057.png"
