%YAML:1.0
---
K: !!opencv-matrix
   rows: 3
   cols: 3
   dt: d
   data: [ 4.9031427000000003e+03, 0., 7.2802150600000004e+02, 0.,
       4.8976669499999998e+03, 6.4509995800000002e+02, 0., 0., 1. ]
DistCoeffs: !!opencv-matrix
   rows: 1
   cols: 5
   dt: d
   data: [ 7.7676976699999997e-02, -3.1595135000000001e+00,
       1.8602709999999999e-03, 6.2622624500000001e-03,
       -9.7853785200000001e+00 ]
rvec: !!opencv-matrix
   rows: 3
   cols: 1
   dt: d
   data: [ 1.6348426112523495e+00, 9.0236710907450879e-01,
       1.6100229375124386e+00 ]
tvec: !!opencv-matrix
   rows: 3
   cols: 1
   dt: d
   data: [ -1.6141746432970580e-01, 1.7151668740553580e-01,
       9.8865883994371262e-01 ]
rb2wsMat: !!opencv-matrix
   rows: 4
   cols: 4
   dt: f
   data: [ 9.88097906e-01, 5.08128740e-02, -1.45191401e-01, 0.,
       -6.63685650e-02, 9.92319822e-01, -1.04386501e-01, 0.,
       1.38772130e-01, 1.12780236e-01, 9.83881533e-01, 0.,
       -1.02028653e-01, 5.50797522e-01, -9.54004303e-02, 1. ]
imgFile: "D:/Spine Project/SpineNavi/bin/X64_Release/../../data/Tracking 2023-08-24/test3.png"
