%YAML:1.0
---
K: !!opencv-matrix
   rows: 3
   cols: 3
   dt: d
   data: [ 4.9031427000000003e+03, 0., 7.2802150600000004e+02, 0.,
       4.8976669499999998e+03, 6.4509995800000002e+02, 0., 0., 1. ]
DistCoeffs: !!opencv-matrix
   rows: 1
   cols: 5
   dt: d
   data: [ 7.7676976699999997e-02, -3.1595135000000001e+00,
       1.8602709999999999e-03, 6.2622624500000001e-03,
       -9.7853785200000001e+00 ]
rvec: !!opencv-matrix
   rows: 3
   cols: 1
   dt: d
   data: [ 1.6210967263774045e+00, 9.1120143050021862e-01,
       1.6076451498571560e+00 ]
tvec: !!opencv-matrix
   rows: 3
   cols: 1
   dt: d
   data: [ -1.6285053452486756e-01, 1.7641802986438432e-01,
       9.8406565334736940e-01 ]
rb2wsMat: !!opencv-matrix
   rows: 4
   cols: 4
   dt: f
   data: [ 7.37498283e-01, -3.30371201e-01, -5.89025676e-01, 0.,
       -4.68622267e-01, 3.77695024e-01, -7.98586190e-01, 0.,
       4.86301929e-01, 8.64986479e-01, 1.23730123e-01, 0.,
       -2.96806991e-01, 2.35451609e-01, -3.17666322e-01, 1. ]
imgFile: "D:/Spine Project/SpineNavi/bin/X64_Release/../../data/Tracking 2023-08-24/test2.png"
