%YAML:1.0
---
RB_POSITIONS: !!opencv-matrix
   rows: 9
   cols: 1
   dt: "3f"
   data: [ -1.57137439e-02, -2.85763800e-01, 2.46236667e-01,
       2.13628262e-02, -2.57525861e-01, 2.83367217e-01, 6.03783354e-02,
       -2.32104778e-01, 3.14758509e-01, 3.06898281e-02, -3.16190183e-01,
       2.20957518e-01, 7.05153048e-02, -2.90317714e-01, 2.56039590e-01,
       1.05858028e-01, -2.63280690e-01, 2.90191174e-01, 7.25580603e-02,
       -3.47592354e-01, 1.95016965e-01, 1.12633191e-01, -3.21448565e-01,
       2.29558051e-01, 1.48859531e-01, -2.95384645e-01, 2.62906402e-01 ]
WS_POSITIONS: !!opencv-matrix
   rows: 9
   cols: 1
   dt: "3f"
   data: [ -1.18812785e-01, -2.16525808e-01, 1.66519964e+00,
       -8.17380548e-02, -1.88267052e-01, 1.70231616e+00, -4.27246578e-02,
       -1.62825584e-01, 1.73369360e+00, -7.24039227e-02, -2.46940404e-01,
       1.63991606e+00, -3.25798914e-02, -2.21046552e-01, 1.67498398e+00,
       2.76076351e-03, -1.93989918e-01, 1.70912218e+00, -3.05301845e-02,
       -2.78332621e-01, 1.61397231e+00, 9.54328291e-03, -2.52167434e-01,
       1.64849913e+00, 4.57677096e-02, -2.26083741e-01, 1.68183410e+00 ]
MAT_WS2RB: !!opencv-matrix
   rows: 4
   cols: 4
   dt: f
   data: [ 9.99999940e-01, -3.61907150e-04, 2.25842683e-04, 0.,
       3.61862127e-04, 9.99999881e-01, 1.99284914e-04, 0.,
       -2.25914802e-04, -1.99203176e-04, 9.99999940e-01, 0.,
       1.03553578e-01, -6.89493269e-02, -1.41889286e+00, 1. ]
MAT_RB2WS: !!opencv-matrix
   rows: 4
   cols: 4
   dt: f
   data: [ 9.99999881e-01, 3.61862156e-04, -2.25914788e-04, 0.,
       -3.61907150e-04, 9.99999940e-01, -1.99203176e-04, 0.,
       2.25842698e-04, 1.99284928e-04, 9.99999940e-01, 0.,
       -1.03258073e-01, 6.91946149e-02, 1.41890240e+00, 1. ]
