%YAML:1.0
---
RB_POSITIONS: !!opencv-matrix
   rows: 9
   cols: 1
   dt: "3f"
   data: [ -1.52167976e-02, -2.96495318e-01, 2.48390436e-01,
       2.18602270e-02, -2.68202007e-01, 2.85457999e-01, 6.08804263e-02,
       -2.42725939e-01, 3.16699445e-01, 3.11985612e-02, -3.26939434e-01,
       2.23075017e-01, 7.10207969e-02, -3.01010340e-01, 2.58102864e-01,
       1.06365599e-01, -2.73924172e-01, 2.92211443e-01, 7.30871335e-02,
       -3.58361155e-01, 1.97181255e-01, 1.13137349e-01, -3.32148910e-01,
       2.31680349e-01, 1.49373949e-01, -3.06058526e-01, 2.65005112e-01 ]
WS_POSITIONS: !!opencv-matrix
   rows: 9
   cols: 1
   dt: "3f"
   data: [ -1.18732981e-01, -2.16487288e-01, 1.66535878e+00,
       -8.16597193e-02, -1.88229993e-01, 1.70245755e+00, -4.26426344e-02,
       -1.62784562e-01, 1.73372781e+00, -7.23154843e-02, -2.46909603e-01,
       1.64002109e+00, -3.24968360e-02, -2.21014708e-01, 1.67507827e+00,
       2.84454389e-03, -1.93961695e-01, 1.70921671e+00, -3.04247327e-02,
       -2.78308809e-01, 1.61410356e+00, 9.62197874e-03, -2.52130270e-01,
       1.64863229e+00, 4.58552241e-02, -2.26072341e-01, 1.68198609e+00 ]
MAT_WS2RB: !!opencv-matrix
   rows: 4
   cols: 4
   dt: f
   data: [ 1., 3.85928179e-05, -1.30986096e-04, 0., -3.87148830e-05,
       9.99999583e-01, -9.31997783e-04, 0., 1.30950066e-04,
       9.32002906e-04, 9.99999583e-01, 0., 1.03289723e-01,
       -8.15556571e-02, -1.41718495e+00, 1. ]
MAT_RB2WS: !!opencv-matrix
   rows: 4
   cols: 4
   dt: f
   data: [ 1., -3.87148793e-05, 1.30950066e-04, 0., 3.85928179e-05,
       9.99999583e-01, 9.32002848e-04, 0., -1.30986096e-04,
       -9.31997842e-04, 9.99999583e-01, 0., -1.03472210e-01,
       8.02388042e-02, 1.41724670e+00, 1. ]
