%YAML:1.0
---
RB_POSITIONS: !!opencv-matrix
   rows: 9
   cols: 1
   dt: "3f"
   data: [ -1.48475170e-02, -3.09052020e-01, 2.50383556e-01,
       2.22253874e-02, -2.80776918e-01, 2.87491143e-01, 6.12401664e-02,
       -2.55306840e-01, 3.18727642e-01, 3.15750837e-02, -3.39483738e-01,
       2.25037917e-01, 7.13940710e-02, -3.13574463e-01, 2.60188788e-01,
       1.06737264e-01, -2.86485583e-01, 2.94155508e-01, 7.34593421e-02,
       -3.70897412e-01, 1.99208811e-01, 1.13511167e-01, -3.44709098e-01,
       2.33684778e-01, 1.49734944e-01, -3.18627924e-01, 2.66989201e-01 ]
WS_POSITIONS: !!opencv-matrix
   rows: 9
   cols: 1
   dt: "3f"
   data: [ -1.18743271e-01, -2.16492295e-01, 1.66531825e+00,
       -8.16698000e-02, -1.88244537e-01, 1.70244622e+00, -4.26543131e-02,
       -1.62798569e-01, 1.73370147e+00, -7.23225847e-02, -2.46915147e-01,
       1.63995850e+00, -3.25031877e-02, -2.21032456e-01, 1.67512858e+00,
       2.84069986e-03, -1.93968788e-01, 1.70911467e+00, -3.04403380e-02,
       -2.78319091e-01, 1.61411428e+00, 9.61200241e-03, -2.52156973e-01,
       1.64860952e+00, 4.58363965e-02, -2.26100743e-01, 1.68193293e+00 ]
MAT_WS2RB: !!opencv-matrix
   rows: 4
   cols: 4
   dt: f
   data: [ 1., 1.37149982e-04, -8.91074815e-05, 0., -1.37203431e-04,
       9.99999821e-01, -6.00001717e-04, 0., 8.90251686e-05,
       6.00013940e-04, 9.99999821e-01, 0., 1.03717797e-01,
       -9.35426950e-02, -1.41507494e+00, 1. ]
MAT_RB2WS: !!opencv-matrix
   rows: 4
   cols: 4
   dt: f
   data: [ 1., -1.37203431e-04, 8.90251686e-05, 0., 1.37149997e-04,
       9.99999821e-01, 6.00013940e-04, 0., -8.91074742e-05,
       -6.00001717e-04, 9.99999821e-01, 0., -1.03831053e-01,
       9.27078575e-02, 1.41512156e+00, 1. ]
