%YAML:1.0
---
RB_POSITIONS: !!opencv-matrix
   rows: 9
   cols: 1
   dt: "3f"
   data: [ -1.45982429e-02, -3.21012020e-01, 2.52240717e-01,
       2.24436074e-02, -2.92746127e-01, 2.89461762e-01, 6.14403300e-02,
       -2.67259538e-01, 3.20630610e-01, 3.18340063e-02, -3.51448298e-01,
       2.26995289e-01, 7.16291219e-02, -3.25530857e-01, 2.62059122e-01,
       1.06951393e-01, -2.98449904e-01, 2.96094567e-01, 7.37280399e-02,
       -3.82863998e-01, 2.01161712e-01, 1.13761567e-01, -3.56682718e-01,
       2.35699520e-01, 1.49974614e-01, -3.30595374e-01, 2.68972039e-01 ]
WS_POSITIONS: !!opencv-matrix
   rows: 9
   cols: 1
   dt: "3f"
   data: [ -1.18728369e-01, -2.16506392e-01, 1.66528904e+00,
       -8.16672668e-02, -1.88269109e-01, 1.70251262e+00, -4.26541157e-02,
       -1.62807778e-01, 1.73368156e+00, -7.23110661e-02, -2.46935174e-01,
       1.64000714e+00, -3.24979275e-02, -2.21045479e-01, 1.67507100e+00,
       2.84215691e-03, -1.93990916e-01, 1.70910895e+00, -3.04323677e-02,
       -2.78342247e-01, 1.61413825e+00, 9.61901806e-03, -2.52188444e-01,
       1.64867616e+00, 4.58494239e-02, -2.26127192e-01, 1.68195021e+00 ]
MAT_WS2RB: !!opencv-matrix
   rows: 4
   cols: 4
   dt: f
   data: [ 9.99999940e-01, 1.66375918e-04, 3.91100359e-04, 0.,
       -1.66140118e-04, 9.99999821e-01, -6.02857792e-04, 0.,
       -3.91200563e-04, 6.02792832e-04, 9.99999702e-01, 0.,
       1.04745612e-01, -1.05489738e-01, -1.41313195e+00, 1. ]
MAT_RB2WS: !!opencv-matrix
   rows: 4
   cols: 4
   dt: f
   data: [ 9.99999881e-01, -1.66140118e-04, -3.91200563e-04, 0.,
       1.66375918e-04, 9.99999821e-01, 6.02792774e-04, 0.,
       3.91100330e-04, -6.02857850e-04, 9.99999762e-01, 0.,
       -1.04175374e-01, 1.04655199e-01, 1.41323614e+00, 1. ]
