%YAML:1.0
---
RB_POSITIONS: !!opencv-matrix
   rows: 9
   cols: 1
   dt: "3f"
   data: [ -1.16184503e-01, -2.87994862e-01, 3.86223257e-01,
       -5.59901893e-02, -2.79212952e-01, 3.88462663e-01, 2.04563141e-03,
       -2.74371386e-01, 3.85106385e-01, -1.13910168e-01, -3.27019483e-01,
       3.39911699e-01, -4.92986441e-02, -3.19289595e-01, 3.41575205e-01,
       5.20366430e-03, -3.13367903e-01, 3.41227710e-01, -1.07530713e-01,
       -3.65422904e-01, 2.96473503e-01, -4.74686623e-02, -3.57995749e-01,
       2.96111465e-01, 1.13452971e-02, -3.51613283e-01, 2.98075318e-01 ]
WS_POSITIONS: !!opencv-matrix
   rows: 9
   cols: 1
   dt: "3f"
   data: [ 3.19906950e-01, -1.37302890e-01, 1.76889384e+00,
       3.79968464e-01, -1.27436221e-01, 1.76976097e+00, 4.37843412e-01,
       -1.21727832e-01, 1.76520371e+00, 3.22054446e-01, -1.77786529e-01,
       1.72384596e+00, 3.86540174e-01, -1.68915480e-01, 1.72409236e+00,
       4.40916300e-01, -1.62088349e-01, 1.72257018e+00, 3.28345090e-01,
       -2.17485458e-01, 1.68157518e+00, 3.88252676e-01, -2.09060490e-01,
       1.67988920e+00, 4.46971387e-01, -2.01624021e-01, 1.68058407e+00 ]
MAT_WS2RB: !!opencv-matrix
   rows: 4
   cols: 4
   dt: f
   data: [ 9.99694943e-01, -1.74775422e-02, 1.74513422e-02, 0.,
       1.68963857e-02, 9.99315441e-01, 3.29112709e-02, 0.,
       -1.80146061e-02, -3.26063707e-02, 9.99305904e-01, 0.,
       -4.01807994e-01, -8.75175893e-02, -1.38250685e+00, 1. ]
MAT_RB2WS: !!opencv-matrix
   rows: 4
   cols: 4
   dt: f
   data: [ 9.99694943e-01, 1.68963857e-02, -1.80146042e-02, 0.,
       -1.74775422e-02, 9.99315441e-01, -3.26063670e-02, 0.,
       1.74513441e-02, 3.29112746e-02, 9.99305904e-01, 0.,
       4.24282461e-01, 1.39746845e-01, 1.37145519e+00, 1. ]
