%YAML:1.0
---
RB_POSITIONS: !!opencv-matrix
   rows: 9
   cols: 1
   dt: "3f"
   data: [ 9.08794999e-03, -3.57198060e-01, 2.62102842e-01,
       6.45629093e-02, -3.47987056e-01, 2.82146960e-01, 1.18719891e-01,
       -3.41767460e-01, 2.96576619e-01, 2.86440402e-02, -3.99596035e-01,
       2.22995147e-01, 8.49110782e-02, -3.93685102e-01, 2.40490690e-01,
       1.37447819e-01, -3.84865642e-01, 2.58480519e-01, 4.38537896e-02,
       -4.41425830e-01, 1.85419127e-01, 1.00144215e-01, -4.35082316e-01,
       2.01841250e-01, 1.52503818e-01, -4.27313060e-01, 2.19319418e-01 ]
WS_POSITIONS: !!opencv-matrix
   rows: 9
   cols: 1
   dt: "3f"
   data: [ -1.20629318e-01, -2.72816390e-01, 1.67803776e+00,
       -6.48699179e-02, -2.67389596e-01, 1.69866586e+00, -1.05689000e-02,
       -2.64850944e-01, 1.71366024e+00, -1.03569418e-01, -3.16381305e-01,
       1.63904417e+00, -4.72156666e-02, -3.14296901e-01, 1.65712512e+00,
       5.60718402e-03, -3.09060067e-01, 1.67566824e+00, -9.08233300e-02,
       -3.59088778e-01, 1.60153902e+00, -3.44060324e-02, -3.56572896e-01,
       1.61854768e+00, 1.81746539e-02, -3.52371246e-01, 1.63657534e+00 ]
MAT_WS2RB: !!opencv-matrix
   rows: 4
   cols: 4
   dt: f
   data: [ 9.97677863e-01, 6.73236102e-02, -1.03203543e-02, 0.,
       -6.73412755e-02, 9.97729063e-01, -1.37322547e-03, 0.,
       1.02044679e-02, 2.06502248e-03, 9.99945760e-01, 0.,
       9.39418599e-02, -8.03452060e-02, -1.41746342e+00, 1. ]
MAT_RB2WS: !!opencv-matrix
   rows: 4
   cols: 4
   dt: f
   data: [ 9.97677803e-01, -6.73412755e-02, 1.02044670e-02, 0.,
       6.73236176e-02, 9.97729063e-01, 2.06502248e-03, 0.,
       -1.03203552e-02, -1.37322547e-03, 9.99945819e-01, 0.,
       -1.02943301e-01, 8.45424086e-02, 1.41659379e+00, 1. ]
