%YAML:1.0
---
RB_POSITIONS: !!opencv-matrix
   rows: 9
   cols: 1
   dt: "3f"
   data: [ -1.44329488e-01, -3.21708679e-01, 4.04366732e-01,
       -8.52936208e-02, -3.36461276e-01, 4.02316749e-01, -3.02157104e-02,
       -3.54199111e-01, 3.95270407e-01, -1.60365239e-01, -3.58626127e-01,
       3.59143168e-01, -9.77378190e-02, -3.75970125e-01, 3.56219709e-01,
       -4.52384949e-02, -3.91315341e-01, 3.52103114e-01, -1.72145754e-01,
       -3.96384954e-01, 3.16123039e-01, -1.13959923e-01, -4.12330449e-01,
       3.11696768e-01, -5.70963919e-02, -4.28932011e-01, 3.10099274e-01 ]
WS_POSITIONS: !!opencv-matrix
   rows: 9
   cols: 1
   dt: "3f"
   data: [ 2.31222093e-01, -1.35255978e-01, 1.78707933e+00,
       2.90763706e-01, -1.27487659e-01, 1.77700341e+00, 3.47080857e-01,
       -1.24006450e-01, 1.76237071e+00, 2.23883718e-01, -1.76057830e-01,
       1.74295938e+00, 2.87564158e-01, -1.69403613e-01, 1.73146701e+00,
       3.41019690e-01, -1.64597452e-01, 1.72015285e+00, 2.21065894e-01,
       -2.16062784e-01, 1.70045173e+00, 2.79943824e-01, -2.09745675e-01,
       1.68808532e+00, 3.38212639e-01, -2.04485223e-01, 1.67866743e+00 ]
MAT_WS2RB: !!opencv-matrix
   rows: 4
   cols: 4
   dt: f
   data: [ 9.22394872e-01, -3.63126874e-01, 1.31630465e-01, 0.,
       3.64692956e-01, 9.31038916e-01, 1.28719360e-02, 0.,
       -1.27227232e-01, 3.61316875e-02, 9.91215229e-01, 0.,
       -8.09154809e-02, -1.76387325e-01, -1.39570844e+00, 1. ]
MAT_RB2WS: !!opencv-matrix
   rows: 4
   cols: 4
   dt: f
   data: [ 9.22394872e-01, 3.64692926e-01, -1.27227232e-01, 0.,
       -3.63126874e-01, 9.31038857e-01, 3.61316949e-02, 0.,
       1.31630465e-01, 1.28719378e-02, 9.91215289e-01, 0.,
       1.94302812e-01, 2.11698234e-01, 1.37952614e+00, 1. ]
