%YAML:1.0
---
RB_POSITIONS: !!opencv-matrix
   rows: 9
   cols: 1
   dt: "3f"
   data: [ -1.34367839e-01, -3.22476208e-01, 3.78177553e-01,
       1.42084656e+05, 6.59727656e+04, 7.38869062e+04, -1.58462033e-01,
       -4.23543453e-01, 3.20251405e-01, -7.88886845e-02, -3.39650422e-01,
       3.92544180e-01, -9.07144547e-02, -3.95384908e-01, 3.60795945e-01,
       -1.04286104e-01, -4.44244325e-01, 3.31787050e-01, -2.69973427e-02,
       -3.59822631e-01, 4.02019054e-01, -3.83332372e-02, -4.11947072e-01,
       3.73199314e-01, -5.26989400e-02, -4.61327761e-01, 3.43401849e-01 ]
WS_POSITIONS: !!opencv-matrix
   rows: 9
   cols: 1
   dt: "3f"
   data: [ -1.51091263e-01, -2.77781278e-01, 1.65352774e+00, 100000.,
       100000., 100000., -1.29509062e-01, -3.63868058e-01,
       1.57432020e+00, -9.37028974e-02, -2.73382813e-01, 1.66985309e+00,
       -8.04797858e-02, -3.20299596e-01, 1.62651610e+00, -7.17787594e-02,
       -3.62480849e-01, 1.58704484e+00, -3.82462032e-02, -2.72002697e-01,
       1.68043852e+00, -2.61378530e-02, -3.16191018e-01, 1.64072943e+00,
       -1.79274529e-02, -3.58981073e-01, 1.60030270e+00 ]
MAT_WS2RB: !!opencv-matrix
   rows: 4
   cols: 4
   dt: f
   data: [ 9.05607641e-01, -4.24010873e-01, -9.46876407e-03, 0.,
       4.11143333e-01, 8.83167028e-01, -2.25781232e-01, 0.,
       1.04096197e-01, 2.00576171e-01, 9.74132061e-01, 0.,
       -5.54564632e-02, -4.72871542e-01, -1.29672527e+00, 1. ]
MAT_RB2WS: !!opencv-matrix
   rows: 4
   cols: 4
   dt: f
   data: [ 9.05607581e-01, 4.11143363e-01, 1.04096189e-01, 0.,
       -4.24010873e-01, 8.83167028e-01, 2.00576171e-01, 0.,
       -9.46877524e-03, -2.25781217e-01, 9.74132001e-01, 0.,
       -1.62559286e-01, 1.47648916e-01, 1.36380112e+00, 1. ]
