%YAML:1.0
---
RB_POSITIONS: !!opencv-matrix
   rows: 9
   cols: 1
   dt: "3f"
   data: [ -1.10881619e-01, -3.22967947e-01, 4.08213228e-01,
       -6.07381016e-02, -3.57333004e-01, 4.07547593e-01, -1.61108226e-02,
       -3.94666195e-01, 4.02706504e-01, -1.45171046e-01, -3.62717688e-01,
       3.77907336e-01, -9.26467702e-02, -4.01029587e-01, 3.76971990e-01,
       -4.91659790e-02, -4.34348881e-01, 3.74703050e-01, -1.75304741e-01,
       -4.04068261e-01, 3.50363731e-01, -1.26781195e-01, -4.40020412e-01,
       3.47513378e-01, -7.92750120e-02, -4.75356996e-01, 3.47639740e-01 ]
WS_POSITIONS: !!opencv-matrix
   rows: 9
   cols: 1
   dt: "3f"
   data: [ 1.94338709e-01, -1.09145731e-01, 1.88606226e+00,
       2.53733277e-01, -1.02778137e-01, 1.87477016e+00, 3.09694409e-01,
       -1.00616686e-01, 1.85826337e+00, 1.84585929e-01, -1.49243116e-01,
       1.84166253e+00, 2.48107076e-01, -1.44164622e-01, 1.82874918e+00,
       3.01331550e-01, -1.40639037e-01, 1.81607533e+00, 1.79587349e-01,
       -1.88812703e-01, 1.79940355e+00, 2.38201126e-01, -1.83890060e-01,
       1.78542471e+00, 2.96247661e-01, -1.80099845e-01, 1.77439034e+00 ]
MAT_WS2RB: !!opencv-matrix
   rows: 4
   cols: 4
   dt: f
   data: [ 7.86346793e-01, -5.84807277e-01, 1.99146166e-01, 0.,
       6.16287589e-01, 7.20133007e-01, -3.18744570e-01, 0.,
       4.29924130e-02, 3.73375058e-01, 9.26683784e-01, 0.,
       -2.77520448e-01, -8.34926426e-01, -1.41306150e+00, 1. ]
MAT_RB2WS: !!opencv-matrix
   rows: 4
   cols: 4
   dt: f
   data: [ 7.86346793e-01, 6.16287589e-01, 4.29924056e-02, 0.,
       -5.84807277e-01, 7.20133007e-01, 3.73375058e-01, 0.,
       1.99146152e-01, -3.18744540e-01, 9.26683724e-01, 0.,
       1.13619808e-02, 3.21884871e-01, 1.63313305e+00, 1. ]
