%YAML:1.0
---
RB_POSITIONS: !!opencv-matrix
   rows: 9
   cols: 1
   dt: "3f"
   data: [ 2.96946466e-02, -4.34941649e-01, 2.79160202e-01,
       8.53911191e-02, -4.27982420e-01, 2.99481004e-01, 1.39680952e-01,
       -4.23983067e-01, 3.14270884e-01, 4.77258936e-02, -4.78079438e-01,
       2.40125403e-01, 1.04096010e-01, -4.74470854e-01, 2.57987916e-01,
       1.56846240e-01, -4.67786551e-01, 2.76237160e-01, 6.14026040e-02,
       -5.20512581e-01, 2.02706680e-01, 1.17829859e-01, -5.16433001e-01,
       2.19364345e-01, 1.70354366e-01, -5.10797858e-01, 2.37133250e-01 ]
WS_POSITIONS: !!opencv-matrix
   rows: 9
   cols: 1
   dt: "3f"
   data: [ -1.20633893e-01, -2.72795737e-01, 1.67796803e+00,
       -6.48744851e-02, -2.67353565e-01, 1.69857717e+00, -1.05722761e-02,
       -2.64824450e-01, 1.71364343e+00, -1.03562526e-01, -3.16340029e-01,
       1.63895309e+00, -4.72066291e-02, -3.14261585e-01, 1.65710175e+00,
       5.61068673e-03, -3.09012651e-01, 1.67562413e+00, -9.08334330e-02,
       -3.59066337e-01, 1.60153365e+00, -3.44018377e-02, -3.56516808e-01,
       1.61847854e+00, 1.81643181e-02, -3.52309912e-01, 1.63651776e+00 ]
MAT_WS2RB: !!opencv-matrix
   rows: 4
   cols: 4
   dt: f
   data: [ 9.99632657e-01, 2.66384222e-02, -5.01779653e-03, 0.,
       -2.66462546e-02, 9.99643922e-01, -1.50045962e-03, 0.,
       4.97603882e-03, 1.63361384e-03, 9.99986410e-01, 0.,
       1.34665608e-01, -1.61770716e-01, -1.39979970e+00, 1. ]
MAT_RB2WS: !!opencv-matrix
   rows: 4
   cols: 4
   dt: f
   data: [ 9.99632537e-01, -2.66462490e-02, 4.97603882e-03, 0.,
       2.66384184e-02, 9.99643803e-01, 1.63361349e-03, 0.,
       -5.01779560e-03, -1.50045950e-03, 9.99986291e-01, 0.,
       -1.37330696e-01, 1.63201064e-01, 1.39937437e+00, 1. ]
