%YAML:1.0
---
RB_POSITIONS: !!opencv-matrix
   rows: 9
   cols: 1
   dt: "3f"
   data: [ 2.85045877e-02, -3.52637351e-01, 2.56645143e-01,
       8.35695639e-02, -3.43355864e-01, 2.77747899e-01, 1.37380198e-01,
       -3.37104738e-01, 2.93538392e-01, 4.90740314e-02, -3.94568324e-01,
       2.17635214e-01, 1.04983456e-01, -3.88517410e-01, 2.35976517e-01,
       1.57072037e-01, -3.79749149e-01, 2.55367994e-01, 6.51130900e-02,
       -4.35974240e-01, 1.79811940e-01, 1.21065684e-01, -4.29604352e-01,
       1.97743237e-01, 1.73050106e-01, -4.21663642e-01, 2.15604141e-01 ]
WS_POSITIONS: !!opencv-matrix
   rows: 9
   cols: 1
   dt: "3f"
   data: [ -1.00986391e-01, -2.69638300e-01, 1.67269838e+00,
       -4.56483439e-02, -2.64119864e-01, 1.69439805e+00, 8.29056930e-03,
       -2.61532068e-01, 1.71076560e+00, -8.28743577e-02, -3.12798053e-01,
       1.63381040e+00, -2.68820692e-02, -3.10555369e-01, 1.65275025e+00,
       2.54701003e-02, -3.05345833e-01, 1.67270625e+00, -6.92594200e-02,
       -3.55130702e-01, 1.59606278e+00, -1.31982388e-02, -3.52572024e-01,
       1.61459374e+00, 3.90105285e-02, -3.48178744e-01, 1.63301635e+00 ]
MAT_WS2RB: !!opencv-matrix
   rows: 4
   cols: 4
   dt: f
   data: [ 9.97674227e-01, 6.73322529e-02, -1.06056854e-02, 0.,
       -6.73526004e-02, 9.97727990e-01, -1.57299242e-03, 0.,
       1.04756765e-02, 2.28365464e-03, 9.99942541e-01, 0.,
       9.35726166e-02, -8.06318820e-02, -1.41745234e+00, 1. ]
MAT_RB2WS: !!opencv-matrix
   rows: 4
   cols: 4
   dt: f
   data: [ 9.97674227e-01, -6.73526004e-02, 1.04756765e-02, 0.,
       6.73322454e-02, 9.97727990e-01, 2.28365464e-03, 0.,
       -1.06056854e-02, -1.57299254e-03, 9.99942541e-01, 0.,
       -1.02958918e-01, 8.45214054e-02, 1.41657472e+00, 1. ]
