%YAML:1.0
---
RB_POSITIONS: !!opencv-matrix
   rows: 9
   cols: 1
   dt: "3f"
   data: [ -1.08298004e-01, -2.67808378e-01, 3.58671308e-01,
       -4.93116528e-02, -2.82642215e-01, 3.56784463e-01, 5.29393554e-03,
       -3.02237123e-01, 3.50378036e-01, -1.27362818e-01, -3.17671984e-01,
       3.30775380e-01, -6.49439394e-02, -3.35644245e-01, 3.27303469e-01,
       -1.25773847e-02, -3.51626873e-01, 3.24466258e-01, -1.42110944e-01,
       -3.67911905e-01, 3.04054767e-01, -8.41566175e-02, -3.84733737e-01,
       3.00284654e-01, -2.73557007e-02, -4.01374578e-01, 2.98719883e-01 ]
WS_POSITIONS: !!opencv-matrix
   rows: 9
   cols: 1
   dt: "3f"
   data: [ 2.40953147e-01, -1.13832183e-01, 1.87457025e+00,
       3.01019996e-01, -1.05389491e-01, 1.86970365e+00, 3.58203292e-01,
       -1.01139970e-01, 1.85880482e+00, 2.37613425e-01, -1.54803559e-01,
       1.83054507e+00, 3.01818371e-01, -1.47364885e-01, 1.82322633e+00,
       3.55999559e-01, -1.41940340e-01, 1.81684494e+00, 2.38547310e-01,
       -1.94976389e-01, 1.78764033e+00, 2.98156053e-01, -1.88005045e-01,
       1.78028584e+00, 3.56826156e-01, -1.82019427e-01, 1.77502286e+00 ]
MAT_WS2RB: !!opencv-matrix
   rows: 4
   cols: 4
   dt: f
   data: [ 9.35278296e-01, -3.41856509e-01, 9.15905610e-02, 0.,
       3.52249473e-01, 8.74102890e-01, -3.34461778e-01, 0.,
       3.42783518e-02, 3.45077515e-01, 9.37948108e-01, 0.,
       -3.57816100e-01, -7.32807994e-01, -1.45971990e+00, 1. ]
MAT_RB2WS: !!opencv-matrix
   rows: 4
   cols: 4
   dt: f
   data: [ 9.35278177e-01, 3.52249444e-01, 3.42783555e-02, 0.,
       -3.41856480e-01, 8.74102771e-01, 3.45077515e-01, 0.,
       9.15905610e-02, -3.34461749e-01, 9.37948048e-01, 0.,
       2.17838988e-01, 2.78369546e-01, 1.63428223e+00, 1. ]
