%YAML:1.0
---
RB_POSITIONS: !!opencv-matrix
   rows: 9
   cols: 1
   dt: "3f"
   data: [ 4.62531149e-02, -4.33163315e-01, 2.81693399e-01,
       1.02139205e-01, -4.31028962e-01, 3.02570760e-01, 1.56432107e-01,
       -4.31696355e-01, 3.17838013e-01, 6.09412342e-02, -4.77464616e-01,
       2.42523462e-01, 1.17243752e-01, -4.78727669e-01, 2.60909766e-01,
       1.70199111e-01, -4.76624370e-01, 2.79678375e-01, 7.13414401e-02,
       -5.20738006e-01, 2.05029860e-01, 1.27755478e-01, -5.21517634e-01,
       2.22171485e-01, 1.80386201e-01, -5.20407736e-01, 2.40459546e-01 ]
WS_POSITIONS: !!opencv-matrix
   rows: 9
   cols: 1
   dt: "3f"
   data: [ -1.20625101e-01, -2.72780746e-01, 1.67802668e+00,
       -6.48673847e-02, -2.67325431e-01, 1.69864202e+00, -1.05616637e-02,
       -2.64780372e-01, 1.71366417e+00, -1.03557028e-01, -3.16297680e-01,
       1.63894236e+00, -4.71969396e-02, -3.14218998e-01, 1.65707636e+00,
       5.62766381e-03, -3.08972776e-01, 1.67559648e+00, -9.08220410e-02,
       -3.59031469e-01, 1.60155034e+00, -3.43841314e-02, -3.56468290e-01,
       1.61843753e+00, 1.81720555e-02, -3.52234423e-01, 1.63648188e+00 ]
MAT_WS2RB: !!opencv-matrix
   rows: 4
   cols: 4
   dt: f
   data: [ 9.98299718e-01, -5.81273921e-02, 4.34492342e-03, 0.,
       5.81115596e-02, 9.98303294e-01, 3.68572376e-03, 0.,
       -4.55179345e-03, -3.42696626e-03, 9.99983728e-01, 0.,
       1.90162867e-01, -1.62106484e-01, -1.39477646e+00, 1. ]
MAT_RB2WS: !!opencv-matrix
   rows: 4
   cols: 4
   dt: f
   data: [ 9.98299718e-01, 5.81115596e-02, -4.55179298e-03, 0.,
       -5.81273921e-02, 9.98303294e-01, -3.42696672e-03, 0.,
       4.34492389e-03, 3.68572352e-03, 9.99983788e-01, 0.,
       -1.93202153e-01, 1.55921549e-01, 1.39506388e+00, 1. ]
