%YAML:1.0
---
RB_POSITIONS: !!opencv-matrix
   rows: 9
   cols: 1
   dt: "3f"
   data: [ -1.33587301e-01, -3.29595327e-01, 4.02211577e-01,
       -7.45248646e-02, -3.44100654e-01, 3.99493724e-01, -1.91631913e-02,
       -3.60305846e-01, 3.91026139e-01, -1.47525847e-01, -3.54894936e-01,
       3.49022061e-01, -8.48392099e-02, -3.71745110e-01, 3.45001727e-01,
       -3.22015882e-02, -3.86257112e-01, 3.39762807e-01, -1.57313481e-01,
       -3.81531894e-01, 2.97926009e-01, -9.90175605e-02, -3.96684170e-01,
       2.92686969e-01, -4.21208888e-02, -4.13048565e-01, 2.89789259e-01 ]
WS_POSITIONS: !!opencv-matrix
   rows: 9
   cols: 1
   dt: "3f"
   data: [ 2.31209561e-01, -1.35264218e-01, 1.78698850e+00,
       2.90755212e-01, -1.27499878e-01, 1.77697885e+00, 3.47093105e-01,
       -1.24013595e-01, 1.76238060e+00, 2.23882288e-01, -1.76069081e-01,
       1.74288917e+00, 2.87557453e-01, -1.69413626e-01, 1.73144865e+00,
       3.41009736e-01, -1.64606571e-01, 1.72011244e+00, 2.21058860e-01,
       -2.16055989e-01, 1.70035446e+00, 2.79943138e-01, -2.09767848e-01,
       1.68816614e+00, 3.38221788e-01, -2.04506010e-01, 1.67871451e+00 ]
MAT_WS2RB: !!opencv-matrix
   rows: 4
   cols: 4
   dt: f
   data: [ 9.15512085e-01, -3.93233091e-01, 8.48846659e-02, 0.,
       3.63488257e-01, 8.98996353e-01, 2.44298995e-01, 0.,
       -1.72377422e-01, -1.92804113e-01, 9.65977550e-01, 0.,
       1.19409915e-02, 2.27464661e-01, -1.31056046e+00, 1. ]
MAT_RB2WS: !!opencv-matrix
   rows: 4
   cols: 4
   dt: f
   data: [ 9.15512085e-01, 3.63488227e-01, -1.72377437e-01, 0.,
       -3.93233091e-01, 8.98996294e-01, -1.92804098e-01, 0.,
       8.48846436e-02, 2.44298995e-01, 9.65977550e-01, 0.,
       1.89760968e-01, 1.11338317e-01, 1.31188643e+00, 1. ]
