%YAML:1.0
---
RB_POSITIONS: !!opencv-matrix
   rows: 9
   cols: 1
   dt: "3f"
   data: [ -1.34413287e-01, -3.22468132e-01, 3.77994448e-01,
       1.42098562e+05, 6.59321094e+04, 7.38964609e+04, -1.58494636e-01,
       -4.23467577e-01, 3.20001066e-01, -7.89183378e-02, -3.39628041e-01,
       3.92282724e-01, -9.07463580e-02, -3.95362228e-01, 3.60348970e-01,
       -1.04301855e-01, -4.44150358e-01, 3.31387758e-01, -2.70416737e-02,
       -3.59809339e-01, 4.01834697e-01, -3.83667946e-02, -4.11895573e-01,
       3.72825980e-01, -5.26997149e-02, -4.61174667e-01, 3.43093961e-01 ]
WS_POSITIONS: !!opencv-matrix
   rows: 9
   cols: 1
   dt: "3f"
   data: [ -1.51101202e-01, -2.77660906e-01, 1.65351903e+00, 100000.,
       100000., 100000., -1.29511133e-01, -3.63681734e-01,
       1.57428312e+00, -9.37073827e-02, -2.73215771e-01, 1.66978240e+00,
       -8.04713145e-02, -3.20099086e-01, 1.62627685e+00, -7.17743337e-02,
       -3.62228900e-01, 1.58687854e+00, -3.82629558e-02, -2.71858722e-01,
       1.68044949e+00, -2.61469409e-02, -3.15973252e-01, 1.64057660e+00,
       -1.79382917e-02, -3.58682513e-01, 1.60024810e+00 ]
MAT_WS2RB: !!opencv-matrix
   rows: 4
   cols: 4
   dt: f
   data: [ 9.05542374e-01, -4.24146652e-01, -9.62453336e-03, 0.,
       4.11266506e-01, 8.83162200e-01, -2.25575924e-01, 0.,
       1.04177311e-01, 2.00310290e-01, 9.74178076e-01, 0.,
       -5.56512773e-02, -4.72554445e-01, -1.29691541e+00, 1. ]
MAT_RB2WS: !!opencv-matrix
   rows: 4
   cols: 4
   dt: f
   data: [ 9.05542374e-01, 4.11266476e-01, 1.04177296e-01, 0.,
       -4.24146682e-01, 8.83162141e-01, 2.00310305e-01, 0.,
       -9.62454826e-03, -2.25575909e-01, 9.74178076e-01, 0.,
       -1.62520021e-01, 1.47676796e-01, 1.36388171e+00, 1. ]
