%YAML:1.0
---
RB_POSITIONS: !!opencv-matrix
   rows: 9
   cols: 1
   dt: "3f"
   data: [ 2.12278962e-03, -2.94630259e-01, 2.14756772e-01,
       3.00292000e-02, -2.61576980e-01, 2.56010920e-01, 6.08604401e-02,
       -2.31072694e-01, 2.91273952e-01, 5.52661493e-02, -3.17030221e-01,
       1.94962293e-01, 8.64179581e-02, -2.86025554e-01, 2.34437659e-01,
       1.13148406e-01, -2.54481435e-01, 2.72215217e-01, 1.04125991e-01,
       -3.41292262e-01, 1.73861548e-01, 1.35548979e-01, -3.09832305e-01,
       2.12377369e-01, 1.63171709e-01, -2.79110312e-01, 2.49367595e-01 ]
WS_POSITIONS: !!opencv-matrix
   rows: 9
   cols: 1
   dt: "3f"
   data: [ -1.22998744e-01, -2.14915767e-01, 1.63146174e+00,
       -9.34043005e-02, -1.83872089e-01, 1.67309892e+00, -6.09959699e-02,
       -1.55556187e-01, 1.70877051e+00, -7.12537915e-02, -2.40776435e-01,
       1.61218786e+00, -3.85384895e-02, -2.11990178e-01, 1.65207636e+00,
       -1.01798233e-02, -1.82367608e-01, 1.69022048e+00, -2.38924287e-02,
       -2.68206865e-01, 1.59155667e+00, 9.13434010e-03, -2.38982707e-01,
       1.63048971e+00, 3.83370556e-02, -2.10238546e-01, 1.66785431e+00 ]
MAT_WS2RB: !!opencv-matrix
   rows: 4
   cols: 4
   dt: f
   data: [ 9.97712493e-01, 6.67028502e-02, -1.09777972e-02, 0.,
       -6.67263642e-02, 9.97769654e-01, -1.78862899e-03, 0.,
       1.08340075e-02, 2.51704594e-03, 9.99938190e-01, 0.,
       9.28243548e-02, -7.60959163e-02, -1.41833878e+00, 1. ]
MAT_RB2WS: !!opencv-matrix
   rows: 4
   cols: 4
   dt: f
   data: [ 9.97712493e-01, -6.67263567e-02, 1.08340075e-02, 0.,
       6.67028576e-02, 9.97769713e-01, 2.51704594e-03, 0.,
       -1.09777981e-02, -1.78862887e-03, 9.99938130e-01, 0.,
       -1.03106439e-01, 7.95831457e-02, 1.41743696e+00, 1. ]
