%YAML:1.0
---
RB_POSITIONS: !!opencv-matrix
   rows: 9
   cols: 1
   dt: "3f"
   data: [ -1.31448761e-01, -3.26662421e-01, 3.98674577e-01,
       -7.24499673e-02, -3.41443241e-01, 3.96795988e-01, -1.78052187e-02,
       -3.60954642e-01, 3.90442163e-01, -1.50445431e-01, -3.76519561e-01,
       3.70680869e-01, -8.80250335e-02, -3.94430637e-01, 3.67194384e-01,
       -3.56383324e-02, -4.10372257e-01, 3.64369005e-01, -1.65119946e-01,
       -4.26704973e-01, 3.44047248e-01, -1.07169420e-01, -4.43499953e-01,
       3.40078056e-01, -5.03477454e-02, -4.60089743e-01, 3.38585824e-01 ]
WS_POSITIONS: !!opencv-matrix
   rows: 9
   cols: 1
   dt: "3f"
   data: [ 2.40957126e-01, -1.13830291e-01, 1.87458909e+00,
       3.01022321e-01, -1.05387680e-01, 1.86971509e+00, 3.58217746e-01,
       -1.01124659e-01, 1.85886967e+00, 2.37627655e-01, -1.54807419e-01,
       1.83054316e+00, 3.01814318e-01, -1.47364661e-01, 1.82319844e+00,
       3.56002897e-01, -1.41947657e-01, 1.81681609e+00, 2.38578334e-01,
       -1.95004761e-01, 1.78780520e+00, 2.98158348e-01, -1.87996745e-01,
       1.78024185e+00, 3.56839329e-01, -1.82031080e-01, 1.77503586e+00 ]
MAT_WS2RB: !!opencv-matrix
   rows: 4
   cols: 4
   dt: f
   data: [ 9.35525775e-01, -3.41153502e-01, 9.16829556e-02, 0.,
       3.51675838e-01, 8.74881864e-01, -3.33025247e-01, 0.,
       3.34010050e-02, 3.43796372e-01, 9.38449979e-01, 0.,
       -3.79452169e-01, -7.89347947e-01, -1.42053354e+00, 1. ]
MAT_RB2WS: !!opencv-matrix
   rows: 4
   cols: 4
   dt: f
   data: [ 9.35525775e-01, 3.51675808e-01, 3.34009938e-02, 0.,
       -3.41153562e-01, 8.74881864e-01, 3.43796402e-01, 0.,
       9.16829407e-02, -3.33025247e-01, 9.38449979e-01, 0.,
       2.15937093e-01, 3.50956798e-01, 1.61714876e+00, 1. ]
