%YAML:1.0
---
RB_POSITIONS: !!opencv-matrix
   rows: 9
   cols: 1
   dt: "3f"
   data: [ -1.10393360e-01, -2.84000486e-01, 3.86102587e-01,
       -5.16562909e-02, -2.99555898e-01, 3.82607996e-01, 3.00481915e-03,
       -3.17488760e-01, 3.72699261e-01, -1.27927765e-01, -3.18403006e-01,
       3.39963734e-01, -6.57122582e-02, -3.36338818e-01, 3.33935916e-01,
       -1.35195255e-02, -3.52253616e-01, 3.28592956e-01, -1.41277641e-01,
       -3.53774965e-01, 2.95008391e-01, -8.34690332e-02, -3.70321393e-01,
       2.88730562e-01, -2.69567668e-02, -3.87537420e-01, 2.84674197e-01 ]
WS_POSITIONS: !!opencv-matrix
   rows: 9
   cols: 1
   dt: "3f"
   data: [ 2.40938008e-01, -1.13789141e-01, 1.87448883e+00,
       3.01026285e-01, -1.05378374e-01, 1.86970472e+00, 3.58206123e-01,
       -1.01094365e-01, 1.85876298e+00, 2.37628967e-01, -1.54782549e-01,
       1.83057547e+00, 3.01814705e-01, -1.47342741e-01, 1.82325161e+00,
       3.55996013e-01, -1.41915441e-01, 1.81686103e+00, 2.38565996e-01,
       -1.94970548e-01, 1.78774536e+00, 2.98149526e-01, -1.87985569e-01,
       1.78025889e+00, 3.56832325e-01, -1.81999549e-01, 1.77506483e+00 ]
MAT_WS2RB: !!opencv-matrix
   rows: 4
   cols: 4
   dt: f
   data: [ 9.20229256e-01, -3.91141623e-01, 1.36461500e-02, 0.,
       3.89898211e-01, 9.19219553e-01, 5.49059846e-02, 0.,
       -3.40198316e-02, -4.52054888e-02, 9.98398185e-01, 0.,
       -2.23975584e-01, -4.25226841e-04, -1.48242378e+00, 1. ]
MAT_RB2WS: !!opencv-matrix
   rows: 4
   cols: 4
   dt: f
   data: [ 9.20229316e-01, 3.89898300e-01, -3.40198316e-02, 0.,
       -3.91141653e-01, 9.19219613e-01, -4.52054925e-02, 0.,
       1.36461547e-02, 5.49059920e-02, 9.98398304e-01, 0.,
       2.26171970e-01, 1.69112548e-01, 1.47241068e+00, 1. ]
