%YAML:1.0
---
RB_POSITIONS: !!opencv-matrix
   rows: 9
   cols: 1
   dt: "3f"
   data: [ -1.34367168e-01, -3.22425246e-01, 3.77914488e-01,
       1.42102594e+05, 6.59465938e+04, 7.38757578e+04, -1.58435613e-01,
       -4.23420966e-01, 3.19954455e-01, -7.88691491e-02, -3.39575380e-01,
       3.92311096e-01, -9.06957686e-02, -3.95311296e-01, 3.60417008e-01,
       -1.04227930e-01, -4.44091588e-01, 3.31406653e-01, -2.69874185e-02,
       -3.59759301e-01, 4.01865244e-01, -3.83186042e-02, -4.11841810e-01,
       3.72766435e-01, -5.26345372e-02, -4.61103618e-01, 3.43134642e-01 ]
WS_POSITIONS: !!opencv-matrix
   rows: 9
   cols: 1
   dt: "3f"
   data: [ -1.51103422e-01, -2.77613848e-01, 1.65341878e+00, 100000.,
       100000., 100000., -1.29505798e-01, -3.63624305e-01,
       1.57420683e+00, -9.37123150e-02, -2.73188770e-01, 1.66979253e+00,
       -8.04758444e-02, -3.20076942e-01, 1.62631965e+00, -7.17616454e-02,
       -3.62174362e-01, 1.58687210e+00, -3.82625274e-02, -2.71837026e-01,
       1.68046391e+00, -2.61538345e-02, -3.15925866e-01, 1.64049792e+00,
       -1.79391596e-02, -3.58630568e-01, 1.60026681e+00 ]
MAT_WS2RB: !!opencv-matrix
   rows: 4
   cols: 4
   dt: f
   data: [ 9.05562460e-01, -4.24102634e-01, -9.67156142e-03, 0.,
       4.11200255e-01, 8.83159876e-01, -2.25705415e-01, 0.,
       1.04263797e-01, 2.00413391e-01, 9.74147499e-01, 0.,
       -5.57704121e-02, -4.72698450e-01, -1.29687965e+00, 1. ]
MAT_RB2WS: !!opencv-matrix
   rows: 4
   cols: 4
   dt: f
   data: [ 9.05562460e-01, 4.11200255e-01, 1.04263805e-01, 0.,
       -4.24102634e-01, 8.83159876e-01, 2.00413406e-01, 0.,
       -9.67156887e-03, -2.25705415e-01, 9.74147618e-01, 0.,
       -1.62511945e-01, 1.47688359e-01, 1.36390221e+00, 1. ]
