%YAML:1.0
---
RB_POSITIONS: !!opencv-matrix
   rows: 9
   cols: 1
   dt: "3f"
   data: [ -1.57157108e-02, -2.89933264e-01, 2.46662021e-01,
       2.13732570e-02, -2.61698246e-01, 2.83878982e-01, 6.04259484e-02,
       -2.36320168e-01, 3.15032125e-01, 3.07666585e-02, -3.19983959e-01,
       2.20601395e-01, 7.05973506e-02, -2.94217616e-01, 2.55900621e-01,
       1.05919532e-01, -2.67303288e-01, 2.90211827e-01, 7.26924315e-02,
       -3.51152569e-01, 1.94700941e-01, 1.12720340e-01, -3.25032711e-01,
       2.29161218e-01, 1.48924723e-01, -2.98949212e-01, 2.63013452e-01 ]
WS_POSITIONS: !!opencv-matrix
   rows: 9
   cols: 1
   dt: "3f"
   data: [ -1.18687548e-01, -2.15689540e-01, 1.66522527e+00,
       -8.16047564e-02, -1.87408984e-01, 1.70241380e+00, -4.25581485e-02,
       -1.61988616e-01, 1.73354006e+00, -7.21954927e-02, -2.45734274e-01,
       1.63917506e+00, -3.23701277e-02, -2.19922304e-01, 1.67444694e+00,
       2.94589321e-03, -1.92965418e-01, 1.70873106e+00, -3.02594211e-02,
       -2.76899189e-01, 1.61328685e+00, 9.76277888e-03, -2.50734240e-01,
       1.64771950e+00, 4.59613465e-02, -2.24607989e-01, 1.68154502e+00 ]
MAT_WS2RB: !!opencv-matrix
   rows: 4
   cols: 4
   dt: f
   data: [ 9.99999821e-01, -5.22406772e-04, 2.30538149e-04, 0.,
       5.22244547e-04, 9.99999583e-01, 7.03299767e-04, 0.,
       -2.30905469e-04, -7.03179277e-04, 9.99999762e-01, 0.,
       1.03468969e-01, -7.31348693e-02, -1.41838384e+00, 1. ]
MAT_RB2WS: !!opencv-matrix
   rows: 4
   cols: 4
   dt: f
   data: [ 9.99999821e-01, 5.22244547e-04, -2.30905469e-04, 0.,
       -5.22406830e-04, 9.99999642e-01, -7.03179277e-04, 0.,
       2.30538149e-04, 7.03299767e-04, 9.99999702e-01, 0.,
       -1.03180170e-01, 7.40783587e-02, 1.41835582e+00, 1. ]
