%YAML:1.0
---
RB_POSITIONS: !!opencv-matrix
   rows: 9
   cols: 1
   dt: "3f"
   data: [ -1.97913721e-02, -2.94780970e-01, 2.14208633e-01,
       9.78429615e-03, -2.63747126e-01, 2.55849898e-01, 4.22211066e-02,
       -2.35425025e-01, 2.91482210e-01, 3.19444239e-02, -3.20731461e-01,
       1.94968507e-01, 6.46472275e-02, -2.91943848e-01, 2.34969705e-01,
       9.30101648e-02, -2.62327373e-01, 2.73034573e-01, 7.92784393e-02,
       -3.48255455e-01, 1.74463317e-01, 1.12301268e-01, -3.19049686e-01,
       2.13385075e-01, 1.41533852e-01, -2.90275335e-01, 2.50613600e-01 ]
WS_POSITIONS: !!opencv-matrix
   rows: 9
   cols: 1
   dt: "3f"
   data: [ -1.22899078e-01, -2.15178058e-01, 1.63166630e+00,
       -9.33220461e-02, -1.84144810e-01, 1.67330706e+00, -6.08840771e-02,
       -1.55823246e-01, 1.70893872e+00, -7.11639225e-02, -2.41128296e-01,
       1.61242414e+00, -3.84598076e-02, -2.12341294e-01, 1.65242469e+00,
       -1.00956280e-02, -1.82725340e-01, 1.69048905e+00, -2.38305852e-02,
       -2.68652022e-01, 1.59191704e+00, 9.19352006e-03, -2.39446834e-01,
       1.63083816e+00, 3.84273157e-02, -2.10673064e-01, 1.66806614e+00 ]
MAT_WS2RB: !!opencv-matrix
   rows: 4
   cols: 4
   dt: f
   data: [ 1., 7.39259576e-07, 3.21420994e-05, 0., -7.38806762e-07, 1.,
       -1.40905458e-05, 0., -3.21421139e-05, 1.40905222e-05, 1., 0.,
       1.03159994e-01, -7.96258226e-02, -1.41745675e+00, 1. ]
MAT_RB2WS: !!opencv-matrix
   rows: 4
   cols: 4
   dt: f
   data: [ 1., -7.38806705e-07, -3.21421103e-05, 0., 7.39259633e-07, 1.,
       1.40905222e-05, 0., 3.21421030e-05, -1.40905458e-05, 1., 0.,
       -1.03114374e-01, 7.96059221e-02, 1.41746116e+00, 1. ]
