%YAML:1.0
---
RB_POSITIONS: !!opencv-matrix
   rows: 9
   cols: 1
   dt: "3f"
   data: [ 1.56107843e-02, -2.84596473e-01, 2.43171930e-01,
       3.73684987e-02, -2.51723439e-01, 2.87914366e-01, 6.28196150e-02,
       -2.21104801e-01, 3.27055246e-01, 7.13994578e-02, -3.05216551e-01,
       2.29483470e-01, 9.66400504e-02, -2.74169415e-01, 2.72880852e-01,
       1.17693245e-01, -2.42689759e-01, 3.13827068e-01, 1.23159304e-01,
       -3.27863783e-01, 2.14359432e-01, 1.48706049e-01, -2.96303511e-01,
       2.56720066e-01, 1.70737341e-01, -2.65537739e-01, 2.96818137e-01 ]
WS_POSITIONS: !!opencv-matrix
   rows: 9
   cols: 1
   dt: "3f"
   data: [ -1.09171204e-01, -2.05875710e-01, 1.65999448e+00,
       -8.57580677e-02, -1.74612120e-01, 1.70505369e+00, -5.87492734e-02,
       -1.45833969e-01, 1.74454570e+00, -5.47367744e-02, -2.30148330e-01,
       1.64685404e+00, -2.79558897e-02, -2.00936556e-01, 1.69060111e+00,
       -5.29721333e-03, -1.71009094e-01, 1.73185313e+00, -4.44155140e-03,
       -2.56171972e-01, 1.63222957e+00, 2.26903390e-02, -2.26466656e-01,
       1.67494452e+00, 4.62865047e-02, -1.97315216e-01, 1.71535718e+00 ]
MAT_WS2RB: !!opencv-matrix
   rows: 4
   cols: 4
   dt: f
   data: [ 9.97711301e-01, 6.67305738e-02, -1.09163038e-02, 0.,
       -6.67548031e-02, 9.97767627e-01, -1.86906767e-03, 0.,
       1.07672112e-02, 2.59350543e-03, 9.99938726e-01, 0.,
       9.29154232e-02, -7.62005076e-02, -1.41829741e+00, 1. ]
MAT_RB2WS: !!opencv-matrix
   rows: 4
   cols: 4
   dt: f
   data: [ 9.97711301e-01, -6.67547956e-02, 1.07672103e-02, 0.,
       6.67305812e-02, 9.97767687e-01, 2.59350566e-03, 0.,
       -1.09163038e-02, -1.86906755e-03, 9.99938667e-01, 0.,
       -1.03100434e-01, 7.95820579e-02, 1.41740751e+00, 1. ]
