%YAML:1.0
---
RB_POSITIONS: !!opencv-matrix
   rows: 9
   cols: 1
   dt: "3f"
   data: [ -1.15622774e-01, -2.82632828e-01, 4.04037803e-01,
       -5.65434396e-02, -2.97099888e-01, 4.01241034e-01, -1.19483471e-03,
       -3.13317418e-01, 3.92855853e-01, -1.29516840e-01, -3.07949334e-01,
       3.50815237e-01, -6.68179691e-02, -3.24794501e-01, 3.46783847e-01,
       -1.41700208e-02, -3.39302212e-01, 3.41584116e-01, -1.39272436e-01,
       -3.34654003e-01, 2.99753666e-01, -8.09496045e-02, -3.49724770e-01,
       2.94372112e-01, -2.40641236e-02, -3.66127253e-01, 2.91597128e-01 ]
WS_POSITIONS: !!opencv-matrix
   rows: 9
   cols: 1
   dt: "3f"
   data: [ 2.31229782e-01, -1.35276720e-01, 1.78708744e+00,
       2.90759712e-01, -1.27498627e-01, 1.77692997e+00, 3.47082525e-01,
       -1.24013357e-01, 1.76235664e+00, 2.23891959e-01, -1.76071316e-01,
       1.74294496e+00, 2.87564307e-01, -1.69417396e-01, 1.73142445e+00,
       3.41016382e-01, -1.64599061e-01, 1.72006774e+00, 2.21074179e-01,
       -2.16083139e-01, 1.70043945e+00, 2.79926836e-01, -2.09753275e-01,
       1.68803215e+00, 3.38211507e-01, -2.04507321e-01, 1.67864740e+00 ]
MAT_WS2RB: !!opencv-matrix
   rows: 4
   cols: 4
   dt: f
   data: [ 9.15394127e-01, -3.93271834e-01, 8.59700143e-02, 0.,
       3.63379478e-01, 8.99139702e-01, 2.43932918e-01, 0.,
       -1.73230991e-01, -1.92055032e-01, 9.65974033e-01, 0.,
       3.14465575e-02, 2.73155123e-01, -1.30912268e+00, 1. ]
MAT_RB2WS: !!opencv-matrix
   rows: 4
   cols: 4
   dt: f
   data: [ 9.15394127e-01, 3.63379419e-01, -1.73230991e-01, 0.,
       -3.93271863e-01, 8.99139643e-01, -1.92055032e-01, 0.,
       8.59699994e-02, 2.43932918e-01, 9.65974092e-01, 0.,
       1.91183507e-01, 6.23065233e-02, 1.32248700e+00, 1. ]
