%YAML:1.0
---
RB_POSITIONS: !!opencv-matrix
   rows: 9
   cols: 1
   dt: "3f"
   data: [ 3.57002616e-02, -4.28479940e-01, 2.81111717e-01,
       9.14831758e-02, -4.22913283e-01, 3.01432163e-01, 1.45815432e-01,
       -4.20338899e-01, 3.16494167e-01, 5.28361499e-02, -4.71831948e-01,
       2.41760612e-01, 1.09221779e-01, -4.69672024e-01, 2.59830654e-01,
       1.62043631e-01, -4.64414299e-01, 2.78353781e-01, 6.56333491e-02,
       -5.14462054e-01, 2.04244614e-01, 1.22057959e-01, -5.11791468e-01,
       2.21072987e-01, 1.74637139e-01, -5.07462144e-01, 2.39204317e-01 ]
WS_POSITIONS: !!opencv-matrix
   rows: 9
   cols: 1
   dt: "3f"
   data: [ -1.20625131e-01, -2.72437692e-01, 1.67796016e+00,
       -6.48392886e-02, -2.66877234e-01, 1.69827425e+00, -1.05049377e-02,
       -2.64307976e-01, 1.71332955e+00, -1.03496246e-01, -3.15782845e-01,
       1.63859844e+00, -4.71081287e-02, -3.13628674e-01, 1.65666139e+00,
       5.71639650e-03, -3.08376700e-01, 1.67517853e+00, -9.07057822e-02,
       -3.58406246e-01, 1.60107255e+00, -3.42788324e-02, -3.55741233e-01,
       1.61789393e+00, 1.83029417e-02, -3.51417542e-01, 1.63601911e+00 ]
MAT_WS2RB: !!opencv-matrix
   rows: 4
   cols: 4
   dt: f
   data: [ 1., 4.09556196e-05, 1.32796937e-04, 0., -4.09300847e-05, 1.,
       -1.92274543e-04, 0., -1.32804824e-04, 1.92269101e-04, 1., 0.,
       1.56537086e-01, -1.56359926e-01, -1.39688480e+00, 1. ]
MAT_RB2WS: !!opencv-matrix
   rows: 4
   cols: 4
   dt: f
   data: [ 1., -4.09300847e-05, -1.32804809e-04, 0., 4.09556160e-05, 1.,
       1.92269101e-04, 0., 1.32796951e-04, -1.92274543e-04, 1., 0.,
       -1.56345174e-01, 1.56097740e-01, 1.39693558e+00, 1. ]
