%YAML:1.0
---
rvec: !!opencv-matrix
   rows: 3
   cols: 1
   dt: d
   data: [ 1.7995465638529764e+00, -1.5366917010490475e-01,
       -1.1307178556934204e-01 ]
tvec: !!opencv-matrix
   rows: 3
   cols: 1
   dt: d
   data: [ -6.0163091233309124e-02, 1.7939105829557117e-01,
       1.1288861474430931e+00 ]
