%YAML:1.0
---
K: !!opencv-matrix
   rows: 3
   cols: 3
   dt: d
   data: [ 4.9207502485278455e+03, 0., 6.0728068677556496e+02, 0.,
       4.9217065396176995e+03, 8.1401212519385138e+02, 0., 0., 1. ]
DistCoeffs: !!opencv-matrix
   rows: 1
   cols: 5
   dt: d
   data: [ -8.0898144841779124e-02, 1.0435686938662621e+00,
       1.4257357513986640e-02, -3.9395255781461153e-03,
       -4.2558745932303549e-01 ]
rvec: !!opencv-matrix
   rows: 3
   cols: 1
   dt: d
   data: [ 1.5845321934110579e+00, 1.2258440120841765e-01,
       1.8599633647965569e-01 ]
tvec: !!opencv-matrix
   rows: 3
   cols: 1
   dt: d
   data: [ -2.4760932106620409e-01, 1.8749716343184139e-01,
       1.0606356381252176e+00 ]
rb2wsMat: !!opencv-matrix
   rows: 4
   cols: 4
   dt: f
   data: [ 2.27718651e-01, -9.52153981e-01, -2.03831106e-01, 0.,
       7.87176192e-01, 3.03227425e-01, -5.37035286e-01, 0.,
       5.73147416e-01, -3.81579995e-02, 8.18563342e-01, 0.,
       4.31766003e-01, -3.68379653e-02, 1.34048486e+00, 1. ]
imgFile: "test2_139069852488659.png"
