%YAML:1.0
---
K: !!opencv-matrix
   rows: 3
   cols: 3
   dt: d
   data: [ 4.9207502485278455e+03, 0., 6.0728068677556496e+02, 0.,
       4.9217065396176995e+03, 8.1401212519385138e+02, 0., 0., 1. ]
DistCoeffs: !!opencv-matrix
   rows: 1
   cols: 5
   dt: d
   data: [ -8.0898144841779124e-02, 1.0435686938662621e+00,
       1.4257357513986640e-02, -3.9395255781461153e-03,
       -4.2558745932303549e-01 ]
rvec: !!opencv-matrix
   rows: 3
   cols: 1
   dt: d
   data: [ 1.5845321934110579e+00, 1.2258440120841765e-01,
       1.8599633647965569e-01 ]
tvec: !!opencv-matrix
   rows: 3
   cols: 1
   dt: d
   data: [ -2.4760932106620409e-01, 1.8749716343184139e-01,
       1.0606356381252176e+00 ]
rb2wsMat: !!opencv-matrix
   rows: 4
   cols: 4
   dt: f
   data: [ 8.29650521e-01, -4.13842082e-01, -3.74719530e-01, 0.,
       3.01256418e-01, 8.96954060e-01, -3.23601544e-01, 0.,
       4.70026165e-01, 1.55589551e-01, 8.68831038e-01, 0.,
       8.72147381e-02, 2.72816718e-01, 1.36422169e+00, 1. ]
imgFile: "test2_139069854506859.png"
