%YAML:1.0
---
K: !!opencv-matrix
   rows: 3
   cols: 3
   dt: d
   data: [ 4.9207502485278455e+03, 0., 6.0728068677556496e+02, 0.,
       4.9217065396176995e+03, 8.1401212519385138e+02, 0., 0., 1. ]
DistCoeffs: !!opencv-matrix
   rows: 1
   cols: 5
   dt: d
   data: [ -8.0898144841779124e-02, 1.0435686938662621e+00,
       1.4257357513986640e-02, -3.9395255781461153e-03,
       -4.2558745932303549e-01 ]
rvec: !!opencv-matrix
   rows: 3
   cols: 1
   dt: d
   data: [ 1.5845321934110579e+00, 1.2258440120841765e-01,
       1.8599633647965569e-01 ]
tvec: !!opencv-matrix
   rows: 3
   cols: 1
   dt: d
   data: [ -2.4760932106620409e-01, 1.8749716343184139e-01,
       1.0606356381252176e+00 ]
rb2wsMat: !!opencv-matrix
   rows: 4
   cols: 4
   dt: f
   data: [ 9.56425250e-01, -1.31417345e-02, -2.91681379e-01, 0.,
       -6.69059977e-02, 9.62540746e-01, -2.62752622e-01, 0.,
       2.84208208e-01, 2.70818502e-01, 9.19718981e-01, 0.,
       -2.24391326e-01, 2.89340913e-01, 1.52887559e+00, 1. ]
imgFile: "test1_139069850148419.png"
