%YAML:1.0
---
ToolPos: !!opencv-matrix
   rows: 1
   cols: 3
   dt: f
   data: [ 1.68661755e-02, 2.43068874e-01, -7.76339322e-02 ]
ToolVec: !!opencv-matrix
   rows: 1
   cols: 3
   dt: f
   data: [ -6.04883656e-02, -9.60810483e-01, 2.70526290e-01 ]
