%YAML:1.0
---
ToolPos: !!opencv-matrix
   rows: 1
   cols: 3
   dt: f
   data: [ 1.52241942e-02, 2.44536623e-01, -7.71812648e-02 ]
ToolVec: !!opencv-matrix
   rows: 1
   cols: 3
   dt: f
   data: [ -6.10634498e-02, -9.60970342e-01, 2.69828081e-01 ]
