%YAML:1.0
---
q_cArmRb: !!opencv-matrix
   rows: 1
   cols: 4
   dt: f
   data: [ 1.59537822e-01, -3.52981448e-01, 9.21928346e-01,
       5.86938620e+00 ]
rot_cArmRb: !!opencv-matrix
   rows: 1
   cols: 3
   dt: f
   data: [ 1.59537822e-01, -3.52981448e-01, 9.21928346e-01 ]
rotDeg_cArmRb: 5.8693861961364746e+00
mat_rb2ws: !!opencv-matrix
   rows: 4
   cols: 4
   dt: f
   data: [ 9.17747974e-01, -3.75451714e-01, -1.29516765e-01, 0.,
       3.65945905e-01, 9.26115751e-01, -9.16144848e-02, 0.,
       1.54344335e-01, 3.66828628e-02, 9.87335920e-01, 0.,
       -1.08799249e-01, 5.04776657e-01, 2.83035636e-01, 1. ]
mat_ws2rb: !!opencv-matrix
   rows: 4
   cols: 4
   dt: f
   data: [ 9.17748153e-01, 3.65945935e-01, 1.54344350e-01, 0.,
       -3.75451773e-01, 9.26115870e-01, 3.66828777e-02, 0.,
       -1.29516780e-01, -9.16144773e-02, 9.87335980e-01, 0.,
       3.26027453e-01, -4.01736856e-01, -2.81175375e-01, 1. ]
t_cArmRb: !!opencv-matrix
   rows: 1
   cols: 3
   dt: f
   data: [ -1.08799249e-01, 5.04776657e-01, 2.83035636e-01 ]
rbMSE_cArmRb: 9.9384679924696684e-04
rbMSE_calibRb: 1.2912979582324624e-03
rbMarkers_calibRb: !!opencv-matrix
   rows: 8
   cols: 3
   dt: f
   data: [ -4.23146546e-01, 2.41730675e-01, 4.44292217e-01,
       -3.87347847e-01, 2.11911783e-01, 4.24534708e-01, -4.45279807e-01,
       2.44178921e-01, 3.99268329e-01, -3.86927307e-01, 2.30262920e-01,
       4.87368256e-01, -3.54754895e-01, 1.98762909e-01, 4.52407241e-01,
       -4.22955304e-01, 2.59394288e-01, 5.07112384e-01, -3.31793845e-01,
       1.97197542e-01, 4.96395826e-01, -3.54370922e-01, 1.80959567e-01,
       3.89315695e-01 ]
wsMarkers_calibRb: !!opencv-matrix
   rows: 8
   cols: 3
   dt: f
   data: [ -4.23433661e-01, 2.41717756e-01, 4.44405496e-01,
       -3.87679338e-01, 2.12244347e-01, 4.24308628e-01, -4.45099711e-01,
       2.44008645e-01, 3.99229079e-01, -3.87195349e-01, 2.30139121e-01,
       4.87279236e-01, -3.55407357e-01, 1.98622331e-01, 4.52291340e-01,
       -4.22809452e-01, 2.59449512e-01, 5.07248998e-01, -3.32274735e-01,
       1.97149575e-01, 4.97272640e-01, -3.54656368e-01, 1.80798069e-01,
       3.89125675e-01 ]
