%YAML:1.0
---
q_cArmRb: !!opencv-matrix
   rows: 1
   cols: 4
   dt: f
   data: [ 1.59487411e-01, -3.52931231e-01, 9.21956301e-01,
       5.86941624e+00 ]
rot_cArmRb: !!opencv-matrix
   rows: 1
   cols: 3
   dt: f
   data: [ 1.59487411e-01, -3.52931231e-01, 9.21956301e-01 ]
rotDeg_cArmRb: 5.8694162368774414e+00
mat_rb2ws: !!opencv-matrix
   rows: 4
   cols: 4
   dt: f
   data: [ 9.17758465e-01, -3.75434726e-01, -1.29492193e-01, 0.,
       3.65934640e-01, 9.26123321e-01, -9.15828198e-02, 0.,
       1.54309124e-01, 3.66652198e-02, 9.87342060e-01, 0.,
       -1.08811177e-01, 5.04776061e-01, 2.83029586e-01, 1. ]
mat_ws2rb: !!opencv-matrix
   rows: 4
   cols: 4
   dt: f
   data: [ 9.17758405e-01, 3.65934640e-01, 1.54309109e-01, 0.,
       -3.75434726e-01, 9.26123321e-01, 3.66652310e-02, 0.,
       -1.29492193e-01, -9.15828198e-02, 9.87342119e-01, 0.,
       3.26022983e-01, -4.01746452e-01, -2.81164229e-01, 1. ]
t_cArmRb: !!opencv-matrix
   rows: 1
   cols: 3
   dt: f
   data: [ -1.08811177e-01, 5.04776061e-01, 2.83029586e-01 ]
rbMSE_cArmRb: 9.9450803827494383e-04
rbMSE_calibRb: 1.2674408499151468e-03
rbMarkers_calibRb: !!opencv-matrix
   rows: 8
   cols: 3
   dt: f
   data: [ -4.07598317e-01, 3.31582338e-01, 4.23895091e-01,
       -3.71876091e-01, 3.01931471e-01, 4.03750390e-01, -4.29569006e-01,
       3.34902108e-01, 3.78847390e-01, -3.71578097e-01, 3.19209784e-01,
       4.66887623e-01, -3.39439392e-01, 2.88154125e-01, 4.31501031e-01,
       -4.07532960e-01, 3.48174542e-01, 4.87006843e-01, -3.16633135e-01,
       2.85731077e-01, 4.75531608e-01, -3.38929206e-01, 2.71424085e-01,
       3.68117690e-01 ]
wsMarkers_calibRb: !!opencv-matrix
   rows: 8
   cols: 3
   dt: f
   data: [ -4.07632083e-01, 3.31596076e-01, 4.23952818e-01,
       -3.72188926e-01, 3.02321792e-01, 4.03488874e-01, -4.29377973e-01,
       3.34744513e-01, 3.78833175e-01, -3.71813476e-01, 3.19166094e-01,
       4.66830522e-01, -3.40036929e-01, 2.88090885e-01, 4.31358814e-01,
       -4.06837970e-01, 3.48127007e-01, 4.86964107e-01, -3.17284107e-01,
       2.85697371e-01, 4.76403743e-01, -3.39655161e-01, 2.71190464e-01,
       3.68064702e-01 ]
