%YAML:1.0
---
q_cArmRb: !!opencv-matrix
   rows: 1
   cols: 4
   dt: f
   data: [ 1.59496382e-01, -3.52976233e-01, 9.21937525e-01,
       5.86941242e+00 ]
rot_cArmRb: !!opencv-matrix
   rows: 1
   cols: 3
   dt: f
   data: [ 1.59496382e-01, -3.52976233e-01, 9.21937525e-01 ]
rotDeg_cArmRb: 5.8694124221801758e+00
mat_rb2ws: !!opencv-matrix
   rows: 4
   cols: 4
   dt: f
   data: [ 9.17757154e-01, -3.75431359e-01, -1.29510850e-01, 0.,
       3.65929365e-01, 9.26124692e-01, -9.15904269e-02, 0.,
       1.54329121e-01, 3.66659388e-02, 9.87338901e-01, 0.,
       -1.08808175e-01, 5.04774392e-01, 2.83033907e-01, 1. ]
mat_ws2rb: !!opencv-matrix
   rows: 4
   cols: 4
   dt: f
   data: [ 9.17757273e-01, 3.65929365e-01, 1.54329136e-01, 0.,
       -3.75431418e-01, 9.26124752e-01, 3.66659500e-02, 0.,
       -1.29510880e-01, -9.15904269e-02, 9.87339079e-01, 0.,
       3.26023638e-01, -4.01744783e-01, -2.81166196e-01, 1. ]
t_cArmRb: !!opencv-matrix
   rows: 1
   cols: 3
   dt: f
   data: [ -1.08808175e-01, 5.04774392e-01, 2.83033907e-01 ]
rbMSE_cArmRb: 9.9420244805514812e-04
rbMSE_calibRb: 1.2423226144164801e-03
rbMarkers_calibRb: !!opencv-matrix
   rows: 8
   cols: 3
   dt: f
   data: [ -3.80686551e-01, 3.12509030e-01, 4.24085289e-01,
       -3.45963627e-01, 2.81670302e-01, 4.03977036e-01, -4.02835757e-01,
       3.16088736e-01, 3.79145294e-01, -3.44768226e-01, 2.99457103e-01,
       4.66962248e-01, -3.13764095e-01, 2.67190844e-01, 4.31646526e-01,
       -3.79743636e-01, 3.29616427e-01, 4.87052470e-01, -2.90760040e-01,
       2.64474720e-01, 4.75556940e-01, -3.14137220e-01, 2.49926910e-01,
       3.68405402e-01 ]
wsMarkers_calibRb: !!opencv-matrix
   rows: 8
   cols: 3
   dt: f
   data: [ -3.80876064e-01, 3.12547356e-01, 4.24170583e-01,
       -3.46201211e-01, 2.82064080e-01, 4.03723419e-01, -4.02572751e-01,
       3.15874189e-01, 3.79081219e-01, -3.44818562e-01, 2.99330175e-01,
       4.66860801e-01, -3.14267695e-01, 2.67123997e-01, 4.31462884e-01,
       -3.79473269e-01, 3.29653919e-01, 4.87160176e-01, -2.91445255e-01,
       2.64409006e-01, 4.76430148e-01, -3.14741164e-01, 2.49738052e-01,
       3.68340790e-01 ]
