%YAML:1.0
---
q_cArmRb: !!opencv-matrix
   rows: 1
   cols: 4
   dt: f
   data: [ 1.59486592e-01, -3.52993459e-01, 9.21932578e-01,
       5.86940956e+00 ]
rot_cArmRb: !!opencv-matrix
   rows: 1
   cols: 3
   dt: f
   data: [ 1.59486592e-01, -3.52993459e-01, 9.21932578e-01 ]
rotDeg_cArmRb: 5.8694095611572266e+00
mat_rb2ws: !!opencv-matrix
   rows: 4
   cols: 4
   dt: f
   data: [ 9.17755783e-01, -3.75431776e-01, -1.29519373e-01, 0.,
       3.65929782e-01, 9.26124692e-01, -9.15884674e-02, 0.,
       1.54336303e-01, 3.66608538e-02, 9.87338006e-01, 0.,
       -1.08807139e-01, 5.04775226e-01, 2.83033788e-01, 1. ]
mat_ws2rb: !!opencv-matrix
   rows: 4
   cols: 4
   dt: f
   data: [ 9.17755842e-01, 3.65929782e-01, 1.54336303e-01, 0.,
       -3.75431806e-01, 9.26124692e-01, 3.66608538e-02, 0.,
       -1.29519373e-01, -9.15884674e-02, 9.87337947e-01, 0.,
       3.26025397e-01, -4.01746392e-01, -2.81162590e-01, 1. ]
t_cArmRb: !!opencv-matrix
   rows: 1
   cols: 3
   dt: f
   data: [ -1.08807139e-01, 5.04775226e-01, 2.83033788e-01 ]
rbMSE_cArmRb: 9.9440582562237978e-04
rbMSE_calibRb: 1.2497246498242021e-03
rbMarkers_calibRb: !!opencv-matrix
   rows: 8
   cols: 3
   dt: f
   data: [ -3.96120906e-01, 3.14840734e-01, 4.07046109e-01,
       -3.59918535e-01, 2.86342353e-01, 3.86110604e-01, -4.18720722e-01,
       3.18146735e-01, 3.62310022e-01, -3.59275341e-01, 3.02863896e-01,
       4.49447811e-01, -3.26807737e-01, 2.73053676e-01, 4.13298100e-01,
       -3.95693123e-01, 3.30671072e-01, 4.70352143e-01, -3.03407490e-01,
       2.70677090e-01, 4.57018226e-01, -3.26660067e-01, 2.57103622e-01,
       3.49712044e-01 ]
wsMarkers_calibRb: !!opencv-matrix
   rows: 8
   cols: 3
   dt: f
   data: [ -3.96399438e-01, 3.14808995e-01, 4.07141566e-01,
       -3.60078514e-01, 2.86762476e-01, 3.85812521e-01, -4.18316275e-01,
       3.17987025e-01, 3.62272680e-01, -3.59322727e-01, 3.02816808e-01,
       4.49377179e-01, -3.27443749e-01, 2.72991300e-01, 4.13158029e-01,
       -3.95569891e-01, 3.30663264e-01, 4.70456839e-01, -3.03834617e-01,
       2.70622998e-01, 4.57801878e-01, -3.27310264e-01, 2.56870270e-01,
       3.49633038e-01 ]
