%YAML:1.0
---
K: !!opencv-matrix
   rows: 3
   cols: 3
   dt: d
   data: [ 4.9031433200000001e+03, 0., 5.6697676300000001e+02, 0.,
       4.8976674800000001e+03, 6.4509941200000003e+02, 0., 0., 1. ]
DistCoeffs: !!opencv-matrix
   rows: 1
   cols: 5
   dt: d
   data: [ 7.7683319400000006e-02, -3.1600926299999998e+00,
       1.8602438900000001e-03, -6.2624109700000000e-03,
       -9.7705864899999995e+00 ]
rvec: !!opencv-matrix
   rows: 3
   cols: 1
   dt: d
   data: [ 1.2718929897471893e+00, 1.3117892646842251e+00,
       1.1511416199805806e+00 ]
tvec: !!opencv-matrix
   rows: 3
   cols: 1
   dt: d
   data: [ -4.7762727692422575e-02, 1.7933291468194773e-01,
       9.8854734642957509e-01 ]
rb2wsMat: !!opencv-matrix
   rows: 4
   cols: 4
   dt: f
   data: [ 9.17758465e-01, -3.75434726e-01, -1.29492193e-01, 0.,
       3.65934640e-01, 9.26123321e-01, -9.15828198e-02, 0.,
       1.54309124e-01, 3.66652198e-02, 9.87342060e-01, 0.,
       -1.08811177e-01, 5.04776061e-01, 2.83029586e-01, 1. ]
imgFile: "D:/Spine Project/SpineNavi/bin/X64_Debug/../../data/c-arm 2023-05-20/8278.png"
