%YAML:1.0
---
K: !!opencv-matrix
   rows: 3
   cols: 3
   dt: d
   data: [ 3.0997482331448191e+04, 0., 8.0280969886502021e+02, 0.,
       3.1113023522334413e+04, 6.1957482254628644e+02, 0., 0., 1. ]
DistCoeffs: !!opencv-matrix
   rows: 1
   cols: 5
   dt: d
   data: [ 7.7683319400000006e-02, -3.1600926299999998e+00,
       1.8602438900000001e-03, -6.2624109700000000e-03,
       -9.7705864899999995e+00 ]
rvec: !!opencv-matrix
   rows: 3
   cols: 1
   dt: d
   data: [ 1.2709858754896641e+00, 1.3027009377194370e+00,
       1.1519831505473448e+00 ]
tvec: !!opencv-matrix
   rows: 3
   cols: 1
   dt: d
   data: [ -8.2115883965104913e-02, 1.8332577121223831e-01,
       4.6418602643466080e+00 ]
rb2wsMat: !!opencv-matrix
   rows: 4
   cols: 4
   dt: f
   data: [ 9.17750001e-01, -3.75443727e-01, -1.29525647e-01, 0.,
       3.65938514e-01, 9.26119268e-01, -9.16080847e-02, 0.,
       1.54349878e-01, 3.66748944e-02, 9.87335324e-01, 0.,
       -1.08799301e-01, 5.04779696e-01, 2.83028185e-01, 1. ]
imgFile: "D:/Spine Project/SpineNavi/bin/X64_Debug/../../data/c-arm 2023-05-20/8275.png"
