%YAML:1.0
---
rvec: !!opencv-matrix
   rows: 3
   cols: 1
   dt: d
   data: [ 1.2688806178744263e+00, 1.3124948702161574e+00,
       1.1490092610750153e+00 ]
tvec: !!opencv-matrix
   rows: 3
   cols: 1
   dt: d
   data: [ -4.8028911182264870e-02, 1.8020847330614298e-01,
       9.8831895212760512e-01 ]
