%YAML:1.0
---
rvec: !!opencv-matrix
   rows: 3
   cols: 1
   dt: d
   data: [ 1.2422679741426446e+00, 1.3042683511813074e+00,
       1.1502205176310614e+00 ]
tvec: !!opencv-matrix
   rows: 3
   cols: 1
   dt: d
   data: [ -8.2197434892863477e-02, 1.8501653506003124e-01,
       1.5611963147843853e+00 ]
