%YAML:1.0
---
rvec: !!opencv-matrix
   rows: 3
   cols: 1
   dt: d
   data: [ 1.2785123690072577e+00, 1.2871009613341726e+00,
       1.1844334908019361e+00 ]
tvec: !!opencv-matrix
   rows: 3
   cols: 1
   dt: d
   data: [ -8.0953870908249889e-02, 1.6939864311043165e-01,
       1.5731632563560256e+00 ]
