%YAML:1.0
---
rvec: !!opencv-matrix
   rows: 3
   cols: 1
   dt: d
   data: [ 1.2718929897471893e+00, 1.3117892646842251e+00,
       1.1511416199805806e+00 ]
tvec: !!opencv-matrix
   rows: 3
   cols: 1
   dt: d
   data: [ -4.7762727692422575e-02, 1.7933291468194773e-01,
       9.8854734642957509e-01 ]
