%YAML:1.0
---
K: !!opencv-matrix
   rows: 3
   cols: 3
   dt: d
   data: [ 4.9031433200000001e+03, 0., 5.6697676300000001e+02, 0.,
       4.8976674800000001e+03, 6.4509941200000003e+02, 0., 0., 1. ]
DistCoeffs: !!opencv-matrix
   rows: 1
   cols: 5
   dt: d
   data: [ 7.7683319400000006e-02, -3.1600926299999998e+00,
       1.8602438900000001e-03, -6.2624109700000000e-03,
       -9.7705864899999995e+00 ]
rvec: !!opencv-matrix
   rows: 3
   cols: 1
   dt: d
   data: [ 1.2718929897471893e+00, 1.3117892646842251e+00,
       1.1511416199805806e+00 ]
tvec: !!opencv-matrix
   rows: 3
   cols: 1
   dt: d
   data: [ -4.7762727692422575e-02, 1.7933291468194773e-01,
       9.8854734642957509e-01 ]
rb2wsMat: !!opencv-matrix
   rows: 4
   cols: 4
   dt: f
   data: [ 9.16002572e-01, -3.81597936e-01, -1.23783186e-01, 0.,
       3.77478302e-01, 9.24316585e-01, -5.61156720e-02, 0.,
       1.35828480e-01, 4.67662513e-03, 9.90721345e-01, 0.,
       -1.07842930e-01, 4.25679833e-01, 3.10947001e-01, 1. ]
imgFile: "C:/Users/rlaak/OneDrive/Desktop/biospine/code/SpineNavi/bin/X64_Release/../../data/Tracking 2023-05-20/test0.png"
