%YAML:1.0
---
K: !!opencv-matrix
   rows: 3
   cols: 3
   dt: d
   data: [ 4.9031433200000001e+03, 0., 5.6697676300000001e+02, 0.,
       4.8976674800000001e+03, 6.4509941200000003e+02, 0., 0., 1. ]
DistCoeffs: !!opencv-matrix
   rows: 1
   cols: 5
   dt: d
   data: [ 7.7683319400000006e-02, -3.1600926299999998e+00,
       1.8602438900000001e-03, -6.2624109700000000e-03,
       -9.7705864899999995e+00 ]
rvec: !!opencv-matrix
   rows: 3
   cols: 1
   dt: d
   data: [ 1.2718929897471893e+00, 1.3117892646842251e+00,
       1.1511416199805806e+00 ]
tvec: !!opencv-matrix
   rows: 3
   cols: 1
   dt: d
   data: [ -4.7762727692422575e-02, 1.7933291468194773e-01,
       9.8854734642957509e-01 ]
rb2wsMat: !!opencv-matrix
   rows: 4
   cols: 4
   dt: f
   data: [ 9.20270383e-01, -3.77713591e-01, -1.02151342e-01, 0.,
       3.72551411e-01, 9.25636768e-01, -6.63481578e-02, 0.,
       1.19615637e-01, 2.30016131e-02, 9.92553830e-01, 0.,
       -1.44659474e-01, 4.69686776e-01, 3.50532770e-01, 1. ]
imgFile: "D:/Spine Project/SpineNavi/bin/X64_Debug/../../data/Tracking 2023-05-20/test0.png"
