%YAML:1.0
---
K: !!opencv-matrix
   rows: 3
   cols: 3
   dt: d
   data: [ 4.9031433200000001e+03, 0., 5.6697676300000001e+02, 0.,
       4.8976674800000001e+03, 6.4509941200000003e+02, 0., 0., 1. ]
DistCoeffs: !!opencv-matrix
   rows: 1
   cols: 5
   dt: d
   data: [ 7.7683319400000006e-02, -3.1600926299999998e+00,
       1.8602438900000001e-03, -6.2624109700000000e-03,
       -9.7705864899999995e+00 ]
rvec: !!opencv-matrix
   rows: 3
   cols: 1
   dt: d
   data: [ 1.2785123690072577e+00, 1.2871009613341726e+00,
       1.1844334908019361e+00 ]
tvec: !!opencv-matrix
   rows: 3
   cols: 1
   dt: d
   data: [ -8.0953870908249889e-02, 1.6939864311043165e-01,
       1.5731632563560256e+00 ]
rb2wsMat: !!opencv-matrix
   rows: 4
   cols: 4
   dt: f
   data: [ 8.67496908e-01, -1.67506561e-01, 4.68391597e-01, 0.,
       2.05253154e-01, 9.78239596e-01, -3.03056687e-02, 0.,
       -4.53122795e-01, 1.22428924e-01, 8.83001089e-01, 0.,
       -1.55564053e-02, 5.90716481e-01, -1.85927510e-01, 1. ]
imgFile: "D:/Spine Project/SpineNavi/bin/X64_Debug/../../data/Tracking 2023-05-20/test1.png"
