%YAML:1.0
---
RB_POSITIONS: !!opencv-matrix
   rows: 9
   cols: 1
   dt: "3f"
   data: [ -1.03772700e-01, -2.61315107e-01, 3.70462954e-01,
       -4.46466058e-02, -2.75663495e-01, 3.69300723e-01, 1.02181435e-02,
       -2.94766873e-01, 3.63744199e-01, -1.22036278e-01, -3.11483473e-01,
       3.42597842e-01, -5.94530255e-02, -3.28923196e-01, 3.39949548e-01,
       -6.91610575e-03, -3.44478786e-01, 3.37843895e-01, -1.36023328e-01,
       -3.61981153e-01, 3.15968722e-01, -7.78807700e-02, -3.78317952e-01,
       3.12915623e-01, -2.09266543e-02, -3.94448638e-01, 3.12152356e-01 ]
WS_POSITIONS: !!opencv-matrix
   rows: 9
   cols: 1
   dt: "3f"
   data: [ 2.40954936e-01, -1.13827065e-01, 1.87458408e+00,
       3.01016331e-01, -1.05384015e-01, 1.86963773e+00, 3.58208477e-01,
       -1.01121180e-01, 1.85882866e+00, 2.37636134e-01, -1.54805094e-01,
       1.83057642e+00, 3.01811218e-01, -1.47366449e-01, 1.82322478e+00,
       3.56001705e-01, -1.41962752e-01, 1.81684315e+00, 2.38563821e-01,
       -1.94993570e-01, 1.78769529e+00, 2.98167974e-01, -1.88002378e-01,
       1.78026307e+00, 3.56829762e-01, -1.82010651e-01, 1.77502429e+00 ]
MAT_WS2RB: !!opencv-matrix
   rows: 4
   cols: 4
   dt: f
   data: [ 9.37027454e-01, -3.33167106e-01, 1.04781553e-01, 0.,
       3.48702550e-01, 8.75570536e-01, -3.34339291e-01, 0.,
       1.96472257e-02, 3.49822700e-01, 9.36609924e-01, 0.,
       -3.26692671e-01, -7.37145305e-01, -1.44859552e+00, 1. ]
MAT_RB2WS: !!opencv-matrix
   rows: 4
   cols: 4
   dt: f
   data: [ 9.37027514e-01, 3.48702580e-01, 1.96471997e-02, 0.,
       -3.33167106e-01, 8.75570536e-01, 3.49822670e-01, 0.,
       1.04781538e-01, -3.34339291e-01, 9.36609864e-01, 0.,
       2.12313503e-01, 2.75018871e-01, 1.62105763e+00, 1. ]
