%YAML:1.0
---
RB_POSITIONS: !!opencv-matrix
   rows: 9
   cols: 1
   dt: "3f"
   data: [ -1.35537475e-01, -3.49554956e-01, 3.99763972e-01,
       -7.67935812e-02, -3.65037680e-01, 3.96192223e-01, -2.21335888e-02,
       -3.82958323e-01, 3.86243403e-01, -1.53103665e-01, -3.83987248e-01,
       3.53530854e-01, -9.08774137e-02, -4.01903570e-01, 3.47509533e-01,
       -3.86693776e-02, -4.17784393e-01, 3.42103302e-01, -1.66465521e-01,
       -4.19416606e-01, 3.08602124e-01, -1.08641461e-01, -4.35939878e-01,
       3.02410275e-01, -5.21181226e-02, -4.53131557e-01, 2.98325241e-01 ]
WS_POSITIONS: !!opencv-matrix
   rows: 9
   cols: 1
   dt: "3f"
   data: [ 2.40942821e-01, -1.13791384e-01, 1.87457347e+00,
       3.01016033e-01, -1.05351582e-01, 1.86974680e+00, 3.58197361e-01,
       -1.01084746e-01, 1.85879529e+00, 2.37604871e-01, -1.54766947e-01,
       1.83051085e+00, 3.01801443e-01, -1.47340462e-01, 1.82323039e+00,
       3.55989367e-01, -1.41909257e-01, 1.81680572e+00, 2.38543674e-01,
       -1.94952816e-01, 1.78765547e+00, 2.98141748e-01, -1.87968165e-01,
       1.78028893e+00, 3.56831372e-01, -1.81991756e-01, 1.77509856e+00 ]
MAT_WS2RB: !!opencv-matrix
   rows: 4
   cols: 4
   dt: f
   data: [ 9.20521915e-01, -3.90466213e-01, 1.32491086e-02, 0.,
       3.89287651e-01, 9.19559717e-01, 5.35263009e-02, 0.,
       -3.30835581e-02, -4.41144146e-02, 9.98478532e-01, 0.,
       -2.51015484e-01, -6.81412295e-02, -1.46905887e+00, 1. ]
MAT_RB2WS: !!opencv-matrix
   rows: 4
   cols: 4
   dt: f
   data: [ 9.20521915e-01, 3.89287651e-01, -3.30835581e-02, 0.,
       -3.90466213e-01, 9.19559717e-01, -4.41144183e-02, 0.,
       1.32491123e-02, 5.35262972e-02, 9.98478532e-01, 0.,
       2.23922148e-01, 2.39010453e-01, 1.45551324e+00, 1. ]
