%YAML:1.0
---
RB_POSITIONS: !!opencv-matrix
   rows: 9
   cols: 1
   dt: "3f"
   data: [ -1.12037152e-01, -2.78356969e-01, 4.12191987e-01,
       -5.31522334e-02, -2.93592006e-01, 4.10436988e-01, 1.84515119e-03,
       -3.11362445e-01, 4.02279586e-01, -1.28102809e-01, -3.13333392e-01,
       3.65857005e-01, -6.56511635e-02, -3.30992043e-01, 3.61741722e-01,
       -1.32505894e-02, -3.46712619e-01, 3.58083516e-01, -1.40007600e-01,
       -3.49256456e-01, 3.20910305e-01, -8.19465071e-02, -3.65561932e-01,
       3.16478282e-01, -2.52594352e-02, -3.82520676e-01, 3.14233482e-01 ]
WS_POSITIONS: !!opencv-matrix
   rows: 9
   cols: 1
   dt: "3f"
   data: [ 2.40953922e-01, -1.13766976e-01, 1.87461936e+00,
       3.01018327e-01, -1.05327152e-01, 1.86975563e+00, 3.58199090e-01,
       -1.01071857e-01, 1.85883319e+00, 2.37623423e-01, -1.54750496e-01,
       1.83060074e+00, 3.01806659e-01, -1.47308469e-01, 1.82324576e+00,
       3.56000125e-01, -1.41908944e-01, 1.81690097e+00, 2.38553122e-01,
       -1.94933757e-01, 1.78774238e+00, 2.98154473e-01, -1.87945694e-01,
       1.78029609e+00, 3.56837511e-01, -1.81965053e-01, 1.77513909e+00 ]
MAT_WS2RB: !!opencv-matrix
   rows: 4
   cols: 4
   dt: f
   data: [ 9.21472788e-01, -3.85973424e-01, 4.37340327e-02, 0.,
       3.83495718e-01, 9.21864092e-01, 5.56582958e-02, 0.,
       -6.17994517e-02, -3.45157944e-02, 9.97491717e-01, 0.,
       -1.74590051e-01, -1.57735031e-02, -1.46193111e+00, 1. ]
MAT_RB2WS: !!opencv-matrix
   rows: 4
   cols: 4
   dt: f
   data: [ 9.21472669e-01, 3.83495659e-01, -6.17994443e-02, 0.,
       -3.85973364e-01, 9.21863973e-01, -3.45157832e-02, 0.,
       4.37340289e-02, 5.56582958e-02, 9.97491598e-01, 0.,
       2.18727946e-01, 1.62864134e-01, 1.44692981e+00, 1. ]
