%YAML:1.0
---
RB_POSITIONS: !!opencv-matrix
   rows: 9
   cols: 1
   dt: "3f"
   data: [ -1.35623500e-01, -3.15631747e-01, 3.96036595e-01,
       -7.49689043e-02, -3.20696086e-01, 3.95661116e-01, -1.75727010e-02,
       -3.29250962e-01, 3.89324039e-01, -1.44469440e-01, -3.54367077e-01,
       3.50376785e-01, -7.98535347e-02, -3.61468405e-01, 3.48790348e-01,
       -2.54697204e-02, -3.68142456e-01, 3.45901340e-01, -1.49086535e-01,
       -3.93393993e-01, 3.06972980e-01, -8.90018046e-02, -3.99836570e-01,
       3.04087520e-01, -3.01888883e-02, -4.07032281e-01, 3.03382486e-01 ]
WS_POSITIONS: !!opencv-matrix
   rows: 9
   cols: 1
   dt: "3f"
   data: [ 2.65550643e-01, -1.36124343e-01, 1.77750111e+00,
       3.25591594e-01, -1.27754495e-01, 1.77204216e+00, 3.82745802e-01,
       -1.23609133e-01, 1.76091206e+00, 2.61743546e-01, -1.76649705e-01,
       1.73270488e+00, 3.25984329e-01, -1.69418320e-01, 1.72570550e+00,
       3.80078703e-01, -1.64039314e-01, 1.71826553e+00, 2.62295872e-01,
       -2.16491580e-01, 1.68980241e+00, 3.21880907e-01, -2.09635139e-01,
       1.68188870e+00, 3.80574107e-01, -2.03754410e-01, 1.67625344e+00 ]
MAT_WS2RB: !!opencv-matrix
   rows: 4
   cols: 4
   dt: f
   data: [ 9.72000897e-01, -2.20239520e-01, 8.19076076e-02, 0.,
       2.19545260e-01, 9.75445390e-01, 1.75005123e-02, 0.,
       -8.37506950e-02, 9.71915200e-04, 9.96486247e-01, 0.,
       -2.14986563e-01, -1.26092702e-01, -1.39458716e+00, 1. ]
MAT_RB2WS: !!opencv-matrix
   rows: 4
   cols: 4
   dt: f
   data: [ 9.72000897e-01, 2.19545275e-01, -8.37507024e-02, 0.,
       -2.20239520e-01, 9.75445330e-01, 9.71914269e-04, 0.,
       8.19076076e-02, 1.75005123e-02, 9.96486247e-01, 0.,
       2.95423865e-01, 1.94601804e-01, 1.37180436e+00, 1. ]
