%YAML:1.0
---
RB_POSITIONS: !!opencv-matrix
   rows: 9
   cols: 1
   dt: "3f"
   data: [ -1.16142690e-01, -2.88002938e-01, 3.86151195e-01,
       -5.59501648e-02, -2.79223800e-01, 3.88392270e-01, 2.09185481e-03,
       -2.74398625e-01, 3.85088623e-01, -1.13850564e-01, -3.27036470e-01,
       3.39878172e-01, -4.92585599e-02, -3.19292903e-01, 3.41489375e-01,
       5.25838137e-03, -3.13377708e-01, 3.41216713e-01, -1.07462585e-01,
       -3.65444750e-01, 2.96556622e-01, -4.74287271e-02, -3.58002514e-01,
       2.96034455e-01, 1.13838017e-02, -3.51623982e-01, 2.98013687e-01 ]
WS_POSITIONS: !!opencv-matrix
   rows: 9
   cols: 1
   dt: "3f"
   data: [ 3.19888830e-01, -1.37291685e-01, 1.76882982e+00,
       3.79948735e-01, -1.27428770e-01, 1.76970589e+00, 4.37831730e-01,
       -1.21736050e-01, 1.76520860e+00, 3.22059780e-01, -1.77783757e-01,
       1.72382152e+00, 3.86525005e-01, -1.68902189e-01, 1.72402322e+00,
       4.40917462e-01, -1.62079841e-01, 1.72258234e+00, 3.28365594e-01,
       -2.17484653e-01, 1.68166900e+00, 3.88242334e-01, -2.09051430e-01,
       1.67983019e+00, 4.46960002e-01, -2.01619387e-01, 1.68054771e+00 ]
MAT_WS2RB: !!opencv-matrix
   rows: 4
   cols: 4
   dt: f
   data: [ 9.99697387e-01, -1.74563751e-02, 1.73289534e-02, 0.,
       1.68788079e-02, 9.99315023e-01, 3.29341739e-02, 0.,
       -1.78919937e-02, -3.26317176e-02, 9.99307215e-01, 0.,
       -4.01969522e-01, -8.75012353e-02, -1.38247490e+00, 1. ]
MAT_RB2WS: !!opencv-matrix
   rows: 4
   cols: 4
   dt: f
   data: [ 9.99697447e-01, 1.68788079e-02, -1.78919937e-02, 0.,
       -1.74563732e-02, 9.99314964e-01, -3.26317176e-02, 0.,
       1.73289534e-02, 3.29341739e-02, 9.99307275e-01, 0.,
       4.24277306e-01, 1.39756739e-01, 1.37146997e+00, 1. ]
