%YAML:1.0
---
RB_POSITIONS: !!opencv-matrix
   rows: 9
   cols: 1
   dt: "3f"
   data: [ -1.52548388e-01, -2.53621578e-01, 3.69441450e-01,
       -9.16618705e-02, -2.56991744e-01, 3.75381440e-01, -3.38392630e-02,
       -2.59784341e-01, 3.80103350e-01, -1.47859246e-01, -2.91021049e-01,
       3.15278649e-01, -8.86891857e-02, -2.93720871e-01, 3.22297931e-01,
       -2.94143893e-02, -2.81443238e-01, 3.24100465e-01, -1.41956598e-01,
       -3.19141924e-01, 2.65514433e-01, -8.26969519e-02, -3.12455088e-01,
       2.68093765e-01, -2.52298117e-02, -3.17372918e-01, 2.71638423e-01 ]
WS_POSITIONS: !!opencv-matrix
   rows: 9
   cols: 1
   dt: "3f"
   data: [ -1.61418438e-01, -3.09019476e-01, 1.62853038e+00,
       -1.02539882e-01, -3.08984995e-01, 1.64547515e+00, -4.64889109e-02,
       -3.08474571e-01, 1.66069281e+00, -1.44142807e-01, -3.41700524e-01,
       1.57386947e+00, -8.71940702e-02, -3.41192007e-01, 1.59159625e+00,
       -3.03442217e-02, -3.25367689e-01, 1.60520422e+00, -1.27184853e-01,
       -3.65416884e-01, 1.52435112e+00, -7.00625330e-02, -3.55216712e-01,
       1.53835356e+00, -1.39839873e-02, -3.56751174e-01, 1.55221236e+00 ]
MAT_WS2RB: !!opencv-matrix
   rows: 4
   cols: 4
   dt: f
   data: [ 9.80460405e-01, -7.65716732e-02, -1.81201726e-01, 0.,
       6.32605553e-02, 9.94933128e-01, -7.81406388e-02, 0.,
       1.86266974e-01, 6.51508868e-02, 9.80336547e-01, 0.,
       -2.78076679e-01, -6.46281391e-02, -1.28046274e+00, 1. ]
MAT_RB2WS: !!opencv-matrix
   rows: 4
   cols: 4
   dt: f
   data: [ 9.80460465e-01, 6.32605702e-02, 1.86266989e-01, 0.,
       -7.65716732e-02, 9.94933248e-01, 6.51508942e-02, 0.,
       -1.81201726e-01, -7.81406537e-02, 9.80336666e-01, 0.,
       3.56724672e-02, -1.81642231e-02, 1.31129169e+00, 1. ]
