%YAML:1.0
---
RB_POSITIONS: !!opencv-matrix
   rows: 9
   cols: 1
   dt: "3f"
   data: [ -9.98767018e-02, -3.92165780e-01, 3.92085969e-01,
       -4.05352414e-02, -4.05434549e-01, 3.99969846e-01, 1.58041418e-02,
       -4.17827606e-01, 4.06207323e-01, -1.01561964e-01, -4.34869319e-01,
       3.41786474e-01, -4.38392907e-02, -4.46927875e-01, 3.50173295e-01,
       1.67337060e-02, -4.45408165e-01, 3.52673799e-01, -1.00355908e-01,
       -4.68261242e-01, 2.94855893e-01, -4.07641083e-02, -4.71882969e-01,
       2.98388511e-01, 1.48346424e-02, -4.86587167e-01, 3.04193020e-01 ]
WS_POSITIONS: !!opencv-matrix
   rows: 9
   cols: 1
   dt: "3f"
   data: [ -2.62508452e-01, -1.85157239e-01, 1.61387026e+00,
       -2.01828197e-01, -1.88791722e-01, 1.62189043e+00, -1.44248351e-01,
       -1.92061037e-01, 1.62825394e+00, -2.57391065e-01, -2.28417233e-01,
       1.56428349e+00, -1.98500484e-01, -2.31103167e-01, 1.57278860e+00,
       -1.38924301e-01, -2.20030397e-01, 1.57518077e+00, -2.50887722e-01,
       -2.61972368e-01, 1.51790774e+00, -1.91472799e-01, -2.56113648e-01,
       1.52141786e+00, -1.34260193e-01, -2.61788666e-01, 1.52738750e+00 ]
MAT_WS2RB: !!opencv-matrix
   rows: 4
   cols: 4
   dt: f
   data: [ 9.87542391e-01, -1.57348439e-01, -1.23883109e-03, 0.,
       1.57347351e-01, 9.87405837e-01, 1.64829716e-02, 0.,
       -1.37034093e-03, -1.64725613e-02, 9.99863386e-01, 0.,
       1.90707073e-01, -2.24061146e-01, -1.21883714e+00, 1. ]
MAT_RB2WS: !!opencv-matrix
   rows: 4
   cols: 4
   dt: f
   data: [ 9.87542391e-01, 1.57347351e-01, -1.37034082e-03, 0.,
       -1.57348454e-01, 9.87405777e-01, -1.64725594e-02, 0.,
       -1.23883132e-03, 1.64829716e-02, 9.99863386e-01, 0.,
       -2.25096926e-01, 2.11322054e-01, 1.21524119e+00, 1. ]
