%YAML:1.0
---
RB_POSITIONS: !!opencv-matrix
   rows: 9
   cols: 1
   dt: "3f"
   data: [ -2.12784037e-01, -4.18674469e-01, 3.26611698e-01,
       -1.53102830e-01, -4.22109514e-01, 3.40000004e-01, -9.65741426e-02,
       -4.25366849e-01, 3.52156132e-01, -2.03088582e-01, -4.58217591e-01,
       2.75429428e-01, -1.45173430e-01, -4.60914969e-01, 2.88922012e-01,
       -8.61660615e-02, -4.49421465e-01, 2.96536148e-01, -1.92287505e-01,
       -4.88639206e-01, 2.27547258e-01, -1.33523911e-01, -4.82493162e-01,
       2.36645371e-01, -7.67431408e-02, -4.87888873e-01, 2.46525198e-01 ]
WS_POSITIONS: !!opencv-matrix
   rows: 9
   cols: 1
   dt: "3f"
   data: [ 2.29561135e-01, -2.19442368e-01, 1.35477626e+00,
       2.69560784e-01, -1.73055887e-01, 1.35367501e+00, 3.07378024e-01,
       -1.29223034e-01, 1.35212207e+00, 2.59598106e-01, -2.45940879e-01,
       1.30307615e+00, 2.97979027e-01, -2.00443059e-01, 1.30248868e+00,
       3.24945658e-01, -1.46589339e-01, 1.29581642e+00, 2.83515483e-01,
       -2.65394777e-01, 1.25424635e+00, 3.14781934e-01, -2.14701489e-01,
       1.24911702e+00, 3.54129761e-01, -1.72416300e-01, 1.24531019e+00 ]
MAT_WS2RB: !!opencv-matrix
   rows: 4
   cols: 4
   dt: f
   data: [ 5.93608797e-01, -7.92814493e-01, 1.38108194e-01, 0.,
       7.69108355e-01, 6.09409153e-01, 1.92594841e-01, 0.,
       -2.36856356e-01, -8.10580701e-03, 9.71510828e-01, 0.,
       1.40608773e-01, -9.19633433e-02, -9.79008853e-01, 1. ]
MAT_RB2WS: !!opencv-matrix
   rows: 4
   cols: 4
   dt: f
   data: [ 5.93608737e-01, 7.69108355e-01, -2.36856371e-01, 0.,
       -7.92814434e-01, 6.09409153e-01, -8.10581446e-03, 0.,
       1.38108194e-01, 1.92594826e-01, 9.71510887e-01, 0.,
       -2.11673249e-02, 1.36451960e-01, 9.83676374e-01, 1. ]
