%YAML:1.0
---
RB_POSITIONS: !!opencv-matrix
   rows: 9
   cols: 1
   dt: "3f"
   data: [ -1.61865190e-01, -4.02720839e-01, 4.10501808e-01,
       -1.00954384e-01, -4.05991316e-01, 4.16475832e-01, -4.31263000e-02,
       -4.08694744e-01, 4.21141505e-01, -1.57144859e-01, -4.40091819e-01,
       3.56330305e-01, -9.79708433e-02, -4.42685425e-01, 3.63339633e-01,
       -3.87189090e-02, -4.30295765e-01, 3.65087867e-01, -1.51220426e-01,
       -4.68183517e-01, 3.06588501e-01, -9.19911116e-02, -4.61387515e-01,
       3.09092641e-01, -3.45007181e-02, -4.66192275e-01, 3.12632561e-01 ]
WS_POSITIONS: !!opencv-matrix
   rows: 9
   cols: 1
   dt: "3f"
   data: [ -1.61355883e-01, -3.08905154e-01, 1.62840903e+00,
       -1.02479547e-01, -3.08901757e-01, 1.64544106e+00, -4.64295521e-02,
       -3.08421820e-01, 1.66065061e+00, -1.44091383e-01, -3.41651112e-01,
       1.57379162e+00, -8.71566683e-02, -3.41159582e-01, 1.59155726e+00,
       -3.02985720e-02, -3.25348437e-01, 1.60514092e+00, -1.27141103e-01,
       -3.65428954e-01, 1.52433670e+00, -7.00279996e-02, -3.55243921e-01,
       1.53829837e+00, -1.39482524e-02, -3.56789351e-01, 1.55220652e+00 ]
MAT_WS2RB: !!opencv-matrix
   rows: 4
   cols: 4
   dt: f
   data: [ 9.80478287e-01, -7.41564259e-02, -1.82107195e-01, 0.,
       6.10158965e-02, 9.95182514e-01, -7.67373294e-02, 0.,
       1.86920494e-01, 6.41278550e-02, 9.80279624e-01, 0.,
       -2.89194137e-01, -2.11695775e-01, -1.23888302e+00, 1. ]
MAT_RB2WS: !!opencv-matrix
   rows: 4
   cols: 4
   dt: f
   data: [ 9.80478346e-01, 6.10159039e-02, 1.86920494e-01, 0.,
       -7.41564333e-02, 9.95182633e-01, 6.41278625e-02, 0.,
       -1.82107210e-01, -7.67373443e-02, 9.80279744e-01, 0.,
       4.22404818e-02, 1.33252829e-01, 1.28208387e+00, 1. ]
