%YAML:1.0
---
RB_POSITIONS: !!opencv-matrix
   rows: 9
   cols: 1
   dt: "3f"
   data: [ -1.39172524e-01, -2.81819582e-01, 3.73404860e-01,
       -7.86278695e-02, -2.87130475e-01, 3.81350905e-01, -2.10607126e-02,
       -2.91928887e-01, 3.88585597e-01, -1.35292858e-01, -3.25022459e-01,
       3.23877305e-01, -7.65179768e-02, -3.29338938e-01, 3.32480401e-01,
       -1.66744590e-02, -3.19695890e-01, 3.34424436e-01, -1.29817814e-01,
       -3.58524621e-01, 2.77142942e-01, -7.04469681e-02, -3.53794575e-01,
       2.79042870e-01, -1.32791027e-02, -3.61160606e-01, 2.85489500e-01 ]
WS_POSITIONS: !!opencv-matrix
   rows: 9
   cols: 1
   dt: "3f"
   data: [ 2.83889860e-01, -1.38082221e-01, 1.59091508e+00,
       3.09655845e-01, -8.33021626e-02, 1.60052037e+00, 3.33897889e-01,
       -3.11137456e-02, 1.60935414e+00, 3.22633356e-01, -1.45777613e-01,
       1.53824401e+00, 3.46914202e-01, -9.23740566e-02, 1.54852188e+00,
       3.58002216e-01, -3.29433829e-02, 1.55332446e+00, 3.52969646e-01,
       -1.48924977e-01, 1.48919022e+00, 3.68515551e-01, -9.15637910e-02,
       1.49353790e+00, 3.94987434e-01, -4.05546278e-02, 1.50136650e+00 ]
MAT_WS2RB: !!opencv-matrix
   rows: 4
   cols: 4
   dt: f
   data: [ 3.34695786e-01, -9.40147102e-01, 6.40465021e-02, 0.,
       9.41677690e-01, 3.31171006e-01, -5.97392842e-02, 0.,
       3.49533893e-02, 8.03056583e-02, 9.96157289e-01, 0.,
       -1.59768194e-01, -9.69520211e-02, -1.23782790e+00, 1. ]
MAT_RB2WS: !!opencv-matrix
   rows: 4
   cols: 4
   dt: f
   data: [ 3.34695816e-01, 9.41677809e-01, 3.49533819e-02, 0.,
       -9.40147281e-01, 3.31171036e-01, 8.03056583e-02, 0.,
       6.40465021e-02, -5.97392991e-02, 9.96157229e-01, 0.,
       4.16031145e-02, 1.08610898e-01, 1.24644148e+00, 1. ]
