%YAML:1.0
---
RB_POSITIONS: !!opencv-matrix
   rows: 9
   cols: 1
   dt: "3f"
   data: [ -1.53402418e-01, -3.54016453e-01, 3.86102140e-01,
       -9.23598334e-02, -3.53325486e-01, 3.91464978e-01, -3.44993025e-02,
       -3.52611750e-01, 3.95431548e-01, -1.47528559e-01, -3.96318138e-01,
       3.36219221e-01, -8.82660374e-02, -3.94868672e-01, 3.41824651e-01,
       -2.96620280e-02, -3.79543781e-01, 3.41471493e-01, -1.40824735e-01,
       -4.28884357e-01, 2.89097786e-01, -8.19188356e-02, -4.18870449e-01,
       2.90137589e-01, -2.42296085e-02, -4.20437694e-01, 2.93421566e-01 ]
WS_POSITIONS: !!opencv-matrix
   rows: 9
   cols: 1
   dt: "3f"
   data: [ -1.32653654e-01, -2.46169060e-01, 1.75378346e+00,
       -7.14179948e-02, -2.43884787e-01, 1.75442636e+00, -1.34637281e-02,
       -2.41618574e-01, 1.75392556e+00, -1.29600674e-01, -2.86362171e-01,
       1.70194304e+00, -7.01399595e-02, -2.83381850e-01, 1.70299578e+00,
       -1.21696861e-02, -2.66335994e-01, 1.69871867e+00, -1.25760749e-01,
       -3.16911042e-01, 1.65317881e+00, -6.72400221e-02, -3.05213928e-01,
       1.65005350e+00, -9.44986008e-03, -3.05205286e-01, 1.64879477e+00 ]
MAT_WS2RB: !!opencv-matrix
   rows: 4
   cols: 4
   dt: f
   data: [ 9.96562183e-01, -2.63968501e-02, 7.85306096e-02, 0.,
       2.94384528e-02, 9.98850524e-01, -3.78290899e-02, 0.,
       -7.74417743e-02, 4.00108583e-02, 9.96193707e-01, 0.,
       1.21858127e-01, -1.81802362e-01, -1.35990095e+00, 1. ]
MAT_RB2WS: !!opencv-matrix
   rows: 4
   cols: 4
   dt: f
   data: [ 9.96562183e-01, 2.94384528e-02, -7.74417743e-02, 0.,
       -2.63968501e-02, 9.98850524e-01, 4.00108583e-02, 0.,
       7.85306171e-02, -3.78290899e-02, 9.96193707e-01, 0.,
       -1.94443371e-02, 1.26562253e-01, 1.37143576e+00, 1. ]
