%YAML:1.0
---
RB_POSITIONS: !!opencv-matrix
   rows: 9
   cols: 1
   dt: "3f"
   data: [ -1.91926599e-01, -2.45562822e-01, 3.01819354e-01,
       -1.32289693e-01, -2.49274746e-01, 3.15402418e-01, -7.57379830e-02,
       -2.52763867e-01, 3.27455163e-01, -1.82266280e-01, -2.84921467e-01,
       2.50324517e-01, -1.24361590e-01, -2.87871331e-01, 2.63816506e-01,
       -6.53246716e-02, -2.76636660e-01, 2.71586329e-01, -1.71509027e-01,
       -3.15217048e-01, 2.02328846e-01, -1.12744138e-01, -3.09330821e-01,
       2.11504683e-01, -5.59947044e-02, -3.14958394e-01, 2.21426964e-01 ]
WS_POSITIONS: !!opencv-matrix
   rows: 9
   cols: 1
   dt: "3f"
   data: [ 2.29607105e-01, -2.19490200e-01, 1.35507977e+00,
       2.69621968e-01, -1.73092723e-01, 1.35411942e+00, 3.07429582e-01,
       -1.29238605e-01, 1.35240459e+00, 2.59609222e-01, -2.45949119e-01,
       1.30317652e+00, 2.97982693e-01, -2.00443596e-01, 1.30253208e+00,
       3.24961632e-01, -1.46589383e-01, 1.29591346e+00, 2.83525765e-01,
       -2.65387297e-01, 1.25431681e+00, 3.14790249e-01, -2.14708477e-01,
       1.24918401e+00, 3.54125649e-01, -1.72413841e-01, 1.24537516e+00 ]
MAT_WS2RB: !!opencv-matrix
   rows: 4
   cols: 4
   dt: f
   data: [ 5.90447366e-01, -7.95506477e-01, 1.36166066e-01, 0.,
       7.71199226e-01, 6.05856121e-01, 1.95422381e-01, 0.,
       -2.37956822e-01, -1.03754615e-02, 9.71220255e-01, 0.,
       1.64223656e-01, 8.41301754e-02, -1.00263298e+00, 1. ]
MAT_RB2WS: !!opencv-matrix
   rows: 4
   cols: 4
   dt: f
   data: [ 5.90447426e-01, 7.71199346e-01, -2.37956852e-01, 0.,
       -7.95506597e-01, 6.05856180e-01, -1.03754625e-02, 0.,
       1.36166066e-01, 1.95422381e-01, 9.71220315e-01, 0.,
       1.06485263e-01, 1.83169656e-02, 1.01372862e+00, 1. ]
