%YAML:1.0
---
RB_POSITIONS: !!opencv-matrix
   rows: 9
   cols: 1
   dt: "3f"
   data: [ -1.29369438e-01, -2.06650823e-01, 3.54248255e-01,
       -6.88089728e-02, -2.11987466e-01, 3.62118304e-01, -1.12537667e-02,
       -2.16810897e-01, 3.68910998e-01, -1.25554487e-01, -2.49879897e-01,
       3.04196179e-01, -6.67799786e-02, -2.54229724e-01, 3.12789917e-01,
       -6.92565739e-03, -2.44631454e-01, 3.14676672e-01, -1.20125346e-01,
       -2.83432603e-01, 2.57459849e-01, -6.07496500e-02, -2.78758377e-01,
       2.59403378e-01, -3.58297676e-03, -2.86145210e-01, 2.65762866e-01 ]
WS_POSITIONS: !!opencv-matrix
   rows: 9
   cols: 1
   dt: "3f"
   data: [ 2.83962518e-01, -1.38122231e-01, 1.59149206e+00,
       3.09714496e-01, -8.33173841e-02, 1.60104465e+00, 3.33910495e-01,
       -3.11086122e-02, 1.60945928e+00, 3.22651356e-01, -1.45786673e-01,
       1.53826666e+00, 3.46925706e-01, -9.23817530e-02, 1.54855680e+00,
       3.58010620e-01, -3.29467766e-02, 1.55333543e+00, 3.52994382e-01,
       -1.48934305e-01, 1.48918569e+00, 3.68553519e-01, -9.15802717e-02,
       1.49360466e+00, 3.95002335e-01, -4.05581482e-02, 1.50136614e+00 ]
MAT_WS2RB: !!opencv-matrix
   rows: 4
   cols: 4
   dt: f
   data: [ 3.33958000e-01, -9.40367401e-01, 6.46607354e-02, 0.,
       9.41921473e-01, 3.30356658e-01, -6.04008213e-02, 0.,
       3.54378708e-02, 8.10766742e-02, 9.96077657e-01, 0.,
       -1.50499791e-01, -2.30250061e-02, -1.25770533e+00, 1. ]
MAT_RB2WS: !!opencv-matrix
   rows: 4
   cols: 4
   dt: f
   data: [ 3.33958030e-01, 9.41921592e-01, 3.54378633e-02, 0.,
       -9.40367579e-01, 3.30356717e-01, 8.10766816e-02, 0.,
       6.46607280e-02, -6.04008287e-02, 9.96077657e-01, 0.,
       1.09932788e-01, 7.33990297e-02, 1.25997233e+00, 1. ]
