%YAML:1.0
---
RB_POSITIONS: !!opencv-matrix
   rows: 9
   cols: 1
   dt: "3f"
   data: [ 4.26504537e-02, -3.70545447e-01, 3.47350985e-01,
       1.03658050e-01, -3.72785717e-01, 3.40731770e-01, 1.61274493e-01,
       -3.74759257e-01, 3.33066046e-01, 3.63176353e-02, -4.08648163e-01,
       2.93937951e-01, 9.56422687e-02, -4.10019338e-01, 2.88084030e-01,
       1.53944433e-01, -3.97081792e-01, 2.77254462e-01, 3.19326147e-02,
       -4.37028050e-01, 2.44277194e-01, 9.04022008e-02, -4.29369628e-01,
       2.33984664e-01, 1.47544473e-01, -4.33684170e-01, 2.25835606e-01 ]
WS_POSITIONS: !!opencv-matrix
   rows: 9
   cols: 1
   dt: "3f"
   data: [ 5.83350621e-02, -2.34297931e-01, 1.58254170e+00,
       1.19270511e-01, -2.36628547e-01, 1.57531679e+00, 1.76802322e-01,
       -2.38742605e-01, 1.56707466e+00, 5.15178069e-02, -2.74468720e-01,
       1.53072751e+00, 1.10776335e-01, -2.75905669e-01, 1.52425277e+00,
       1.68910861e-01, -2.63241291e-01, 1.51226139e+00, 4.66600209e-02,
       -3.04772675e-01, 1.48226202e+00, 1.04984723e-01, -2.97362089e-01,
       1.47101068e+00, 1.62044331e-01, -3.01835418e-01, 1.46238220e+00 ]
MAT_WS2RB: !!opencv-matrix
   rows: 4
   cols: 4
   dt: f
   data: [ 9.99930799e-01, -3.15975305e-03, 1.13318199e-02, 0.,
       2.71627144e-03, 9.99237835e-01, 3.89400199e-02, 0.,
       -1.14462245e-02, -3.89065444e-02, 9.99177277e-01, 0.,
       3.06997448e-03, -7.46705234e-02, -1.22542620e+00, 1. ]
MAT_RB2WS: !!opencv-matrix
   rows: 4
   cols: 4
   dt: f
   data: [ 9.99930799e-01, 2.71627167e-03, -1.14462245e-02, 0.,
       -3.15975305e-03, 9.99237835e-01, -3.89065444e-02, 0.,
       1.13318209e-02, 3.89400199e-02, 9.99177277e-01, 0.,
       1.05806077e-02, 1.22323386e-01, 1.22154796e+00, 1. ]
