%YAML:1.0
---
RB_POSITIONS: !!opencv-matrix
   rows: 9
   cols: 1
   dt: "3f"
   data: [ -1.51585415e-01, -2.91455448e-01, 3.60308290e-01,
       -9.08678621e-02, -2.90921330e-01, 3.66048932e-01, -3.32860798e-02,
       -2.90184826e-01, 3.69174451e-01, -1.45878628e-01, -3.33625019e-01,
       3.11361462e-01, -8.68946835e-02, -3.32362205e-01, 3.17188561e-01,
       -2.85387021e-02, -3.17128450e-01, 3.16503704e-01, -1.39274597e-01,
       -3.66119623e-01, 2.64615566e-01, -8.06361586e-02, -3.56260926e-01,
       2.65628397e-01, -2.32003219e-02, -3.57909799e-01, 2.68917918e-01 ]
WS_POSITIONS: !!opencv-matrix
   rows: 9
   cols: 1
   dt: "3f"
   data: [ -1.32812738e-01, -2.44599536e-01, 1.74499178e+00,
       -7.18707740e-02, -2.42407113e-01, 1.74605489e+00, -1.42638236e-02,
       -2.40010902e-01, 1.74476242e+00, -1.29776910e-01, -2.84699410e-01,
       1.69410539e+00, -7.05761164e-02, -2.81835973e-01, 1.69541740e+00,
       -1.28994733e-02, -2.64792323e-01, 1.69084835e+00, -1.25944480e-01,
       -3.15191060e-01, 1.64572918e+00, -6.77038729e-02, -3.03571284e-01,
       1.64261496e+00, -1.01630688e-02, -3.03568304e-01, 1.64140189e+00 ]
MAT_WS2RB: !!opencv-matrix
   rows: 4
   cols: 4
   dt: f
   data: [ 9.96550262e-01, -2.78653521e-02, 7.81734064e-02, 0.,
       3.08828875e-02, 9.98813212e-01, -3.76606993e-02, 0.,
       -7.70312175e-02, 3.99449952e-02, 9.96228218e-01, 0.,
       1.22741938e-01, -1.20550767e-01, -1.37693107e+00, 1. ]
MAT_RB2WS: !!opencv-matrix
   rows: 4
   cols: 4
   dt: f
   data: [ 9.96550262e-01, 3.08828875e-02, -7.70312101e-02, 0.,
       -2.78653540e-02, 9.98813272e-01, 3.99449989e-02, 0.,
       7.81734139e-02, -3.76606956e-02, 9.96228158e-01, 0.,
       -1.80382859e-02, 6.47609010e-02, 1.38600791e+00, 1. ]
