%YAML:1.0
---
RB_POSITIONS: !!opencv-matrix
   rows: 9
   cols: 1
   dt: "3f"
   data: [ -1.50433853e-01, -3.62756252e-01, 3.96387786e-01,
       -8.98901820e-02, -3.67969513e-01, 4.04391646e-01, -3.23201045e-02,
       -3.72662902e-01, 4.11702007e-01, -1.46405458e-01, -4.06063795e-01,
       3.46820086e-01, -8.76299888e-02, -4.10260499e-01, 3.55543882e-01,
       -2.78026313e-02, -4.00527358e-01, 3.57636809e-01, -1.40792817e-01,
       -4.39642280e-01, 3.00189674e-01, -8.14230368e-02, -4.34820920e-01,
       3.02233040e-01, -2.42536813e-02, -4.42067266e-01, 3.08734506e-01 ]
WS_POSITIONS: !!opencv-matrix
   rows: 9
   cols: 1
   dt: "3f"
   data: [ 2.83843696e-01, -1.38062969e-01, 1.59107840e+00,
       3.09644669e-01, -8.32938105e-02, 1.60064006e+00, 3.33910376e-01,
       -3.11089791e-02, 1.60945487e+00, 3.22538078e-01, -1.45733893e-01,
       1.53823304e+00, 3.46837908e-01, -9.23333913e-02, 1.54853737e+00,
       3.57960165e-01, -3.29133980e-02, 1.55343497e+00, 3.52824539e-01,
       -1.48851141e-01, 1.48917770e+00, 3.68403256e-01, -9.14932415e-02,
       1.49360085e+00, 3.94877732e-01, -4.04869169e-02, 1.50138378e+00 ]
MAT_WS2RB: !!opencv-matrix
   rows: 4
   cols: 4
   dt: f
   data: [ 3.36363614e-01, -9.39318001e-01, 6.73871934e-02, 0.,
       9.41137969e-01, 3.32748085e-01, -5.94810471e-02, 0.,
       3.34486775e-02, 8.34279135e-02, 9.95952308e-01, 0.,
       -1.69191703e-01, -1.82936892e-01, -1.21559000e+00, 1. ]
MAT_RB2WS: !!opencv-matrix
   rows: 4
   cols: 4
   dt: f
   data: [ 3.36363614e-01, 9.41138029e-01, 3.34486663e-02, 0.,
       -9.39318180e-01, 3.32748115e-01, 8.34279135e-02, 0.,
       6.73871934e-02, -5.94810620e-02, 9.95952308e-01, 0.,
       -3.30107994e-02, 1.47800073e-01, 1.23159087e+00, 1. ]
