%YAML:1.0
---
RB_POSITIONS: !!opencv-matrix
   rows: 9
   cols: 1
   dt: "3f"
   data: [ -2.18550831e-01, -2.47955561e-01, 2.95211881e-01,
       -1.58636078e-01, -2.45550960e-01, 3.07352781e-01, -1.01680502e-01,
       -2.43063897e-01, 3.17500859e-01, -2.06304342e-01, -2.87423849e-01,
       2.44623363e-01, -1.48165554e-01, -2.84420729e-01, 2.56799698e-01,
       -9.03467163e-02, -2.67430842e-01, 2.63046563e-01, -1.93710208e-01,
       -3.17604780e-01, 1.97014540e-01, -1.35630012e-01, -3.05831581e-01,
       2.04568878e-01, -7.84322545e-02, -3.05813342e-01, 2.13701129e-01 ]
WS_POSITIONS: !!opencv-matrix
   rows: 9
   cols: 1
   dt: "3f"
   data: [ -1.45837665e-01, -2.49078840e-01, 1.36190164e+00,
       -8.51925015e-02, -2.46798247e-01, 1.36964273e+00, -2.76388433e-02,
       -2.44522676e-01, 1.37560129e+00, -1.37621790e-01, -2.92026252e-01,
       1.31337392e+00, -7.87391216e-02, -2.89118618e-01, 1.32123351e+00,
       -2.04435568e-02, -2.72648633e-01, 1.32226622e+00, -1.28748521e-01,
       -3.25514376e-01, 1.26715803e+00, -7.01561868e-02, -3.14165473e-01,
       1.26982725e+00, -1.24593405e-02, -3.14424574e-01, 1.27492523e+00 ]
MAT_WS2RB: !!opencv-matrix
   rows: 4
   cols: 4
   dt: f
   data: [ 9.97443497e-01, 1.07853366e-02, 7.06411973e-02, 0.,
       -1.55223086e-02, 9.97641921e-01, 6.68550655e-02, 0.,
       -6.97535723e-02, -6.77806586e-02, 9.95258868e-01, 0.,
       1.80452280e-02, 9.44194347e-02, -1.03327847e+00, 1. ]
MAT_RB2WS: !!opencv-matrix
   rows: 4
   cols: 4
   dt: f
   data: [ 9.97443497e-01, -1.55223086e-02, -6.97535723e-02, 0.,
       1.07853357e-02, 9.97641921e-01, -6.77806586e-02, 0.,
       7.06412047e-02, 6.68550581e-02, 9.95258868e-01, 0.,
       5.39746024e-02, -2.48367842e-02, 1.03603816e+00, 1. ]
