%YAML:1.0
---
RB_POSITIONS: !!opencv-matrix
   rows: 9
   cols: 1
   dt: "3f"
   data: [ 4.50172238e-02, -2.57706225e-01, 3.25095683e-01,
       1.06011212e-01, -2.60024369e-01, 3.18470061e-01, 1.63614810e-01,
       -2.62054831e-01, 3.10740083e-01, 3.85882407e-02, -2.95777202e-01,
       2.71716386e-01, 9.79109555e-02, -2.97212124e-01, 2.65853792e-01,
       1.56196862e-01, -2.84330487e-01, 2.54901558e-01, 3.41226533e-02,
       -3.24099183e-01, 2.21997321e-01, 9.26004350e-02, -3.16516012e-01,
       2.11733997e-01, 1.49724290e-01, -3.20886701e-01, 2.03507364e-01 ]
WS_POSITIONS: !!opencv-matrix
   rows: 9
   cols: 1
   dt: "3f"
   data: [ 5.82869053e-02, -2.34311789e-01, 1.58249462e+00,
       1.19218424e-01, -2.36660108e-01, 1.57532692e+00, 1.76747158e-01,
       -2.38777518e-01, 1.56708002e+00, 5.14667965e-02, -2.74491370e-01,
       1.53073394e+00, 1.10731319e-01, -2.75933266e-01, 1.52431118e+00,
       1.68846577e-01, -2.63275445e-01, 1.51224756e+00, 4.66068983e-02,
       -3.04777324e-01, 1.48222411e+00, 1.04943328e-01, -2.97385722e-01,
       1.47105634e+00, 1.61997020e-01, -3.01863015e-01, 1.46241081e+00 ]
MAT_WS2RB: !!opencv-matrix
   rows: 4
   cols: 4
   dt: f
   data: [ 9.99937892e-01, -4.19037929e-03, 1.03233615e-02, 0.,
       3.77836078e-03, 9.99207973e-01, 3.96124870e-02, 0.,
       -1.04811778e-02, -3.95710208e-02, 9.99161839e-01, 0.,
       4.20566276e-03, 3.92851569e-02, -1.24739254e+00, 1. ]
MAT_RB2WS: !!opencv-matrix
   rows: 4
   cols: 4
   dt: f
   data: [ 9.99937952e-01, 3.77836102e-03, -1.04811769e-02, 0.,
       -4.19037929e-03, 9.99207973e-01, -3.95710208e-02, 0.,
       1.03233624e-02, 3.96124832e-02, 9.99161780e-01, 0.,
       8.83650128e-03, 1.01423739e-02, 1.24794543e+00, 1. ]
