%YAML:1.0
---
RB_POSITIONS: !!opencv-matrix
   rows: 9
   cols: 1
   dt: "3f"
   data: [ -8.33941996e-02, -3.23431194e-01, 3.73719871e-01,
       -2.40851790e-02, -3.36715698e-01, 3.81741434e-01, 3.22465450e-02,
       -3.49137932e-01, 3.88032466e-01, -8.50260258e-02, -3.66123617e-01,
       3.23448777e-01, -2.73279250e-02, -3.78216028e-01, 3.31965327e-01,
       3.32355797e-02, -3.76742899e-01, 3.34538102e-01, -8.37648809e-02,
       -3.99518967e-01, 2.76513726e-01, -2.41965055e-02, -4.03196961e-01,
       2.80201018e-01, 3.13894898e-02, -4.17918384e-01, 2.86137938e-01 ]
WS_POSITIONS: !!opencv-matrix
   rows: 9
   cols: 1
   dt: "3f"
   data: [ -2.62506425e-01, -1.85211703e-01, 1.61386728e+00,
       -2.01839194e-01, -1.88822627e-01, 1.62191904e+00, -1.44249007e-01,
       -1.92081898e-01, 1.62823570e+00, -2.57398933e-01, -2.28470698e-01,
       1.56431878e+00, -1.98510453e-01, -2.31150791e-01, 1.57285070e+00,
       -1.38939098e-01, -2.20085591e-01, 1.57520497e+00, -2.50901967e-01,
       -2.62037218e-01, 1.51794183e+00, -1.91498756e-01, -2.56196052e-01,
       1.52149928e+00, -1.34281844e-01, -2.61849076e-01, 1.52750254e+00 ]
MAT_WS2RB: !!opencv-matrix
   rows: 4
   cols: 4
   dt: f
   data: [ 9.87438798e-01, -1.58001304e-01, 5.29524172e-04, 0.,
       1.57969832e-01, 9.87298727e-01, 1.69286169e-02, 0.,
       -3.19754193e-03, -1.66323241e-02, 9.99856591e-01, 0.,
       2.10233107e-01, -1.55205905e-01, -1.23664165e+00, 1. ]
MAT_RB2WS: !!opencv-matrix
   rows: 4
   cols: 4
   dt: f
   data: [ 9.87438738e-01, 1.57969832e-01, -3.19754193e-03, 0.,
       -1.58001304e-01, 9.87298846e-01, -1.66323241e-02, 0.,
       5.29523590e-04, 1.69286188e-02, 9.99856532e-01, 0.,
       -2.31460199e-01, 1.40958756e-01, 1.23455513e+00, 1. ]
