%YAML:1.0
---
RB_POSITIONS: !!opencv-matrix
   rows: 9
   cols: 1
   dt: "3f"
   data: [ -1.58067375e-01, -3.32563758e-01, 3.90652269e-01,
       -9.71690640e-02, -3.35875183e-01, 3.96685392e-01, -3.93527150e-02,
       -3.38600308e-01, 4.01367903e-01, -1.53320462e-01, -3.69891644e-01,
       3.36454332e-01, -9.41436589e-02, -3.72528851e-01, 3.43559086e-01,
       -3.48845497e-02, -3.60170454e-01, 3.45384449e-01, -1.47366285e-01,
       -3.97945344e-01, 2.86650598e-01, -8.81116763e-02, -3.91191363e-01,
       2.89280057e-01, -3.06381807e-02, -3.96039903e-01, 2.92906612e-01 ]
WS_POSITIONS: !!opencv-matrix
   rows: 9
   cols: 1
   dt: "3f"
   data: [ -1.61382437e-01, -3.08975697e-01, 1.62845886e+00,
       -1.02510072e-01, -3.08968782e-01, 1.64548874e+00, -4.64591682e-02,
       -3.08465481e-01, 1.66065848e+00, -1.44116670e-01, -3.41678292e-01,
       1.57381678e+00, -8.71770084e-02, -3.41188937e-01, 1.59162033e+00,
       -3.03227808e-02, -3.25367332e-01, 1.60522091e+00, -1.27157152e-01,
       -3.65413636e-01, 1.52430034e+00, -7.00335056e-02, -3.55231106e-01,
       1.53833044e+00, -1.39686018e-02, -3.56781244e-01, 1.55226552e+00 ]
MAT_WS2RB: !!opencv-matrix
   rows: 4
   cols: 4
   dt: f
   data: [ 9.80606556e-01, -7.48491138e-02, -1.81131423e-01, 0.,
       6.18129261e-02, 9.95145440e-01, -7.65830278e-02, 0.,
       1.85984254e-01, 6.39015362e-02, 9.80472684e-01, 0.,
       -2.83583730e-01, -1.41228363e-01, -1.25890088e+00, 1. ]
MAT_RB2WS: !!opencv-matrix
   rows: 4
   cols: 4
   dt: f
   data: [ 9.80606437e-01, 6.18129186e-02, 1.85984239e-01, 0.,
       -7.48491064e-02, 9.95145321e-01, 6.39015436e-02, 0.,
       -1.81131408e-01, -7.65830129e-02, 9.80472565e-01, 0.,
       3.94867137e-02, 6.16614409e-02, 1.29608452e+00, 1. ]
