%YAML:1.0
---
RB_POSITIONS: !!opencv-matrix
   rows: 9
   cols: 1
   dt: "3f"
   data: [ -9.98528451e-02, -3.92045200e-01, 3.92143935e-01,
       -4.05057371e-02, -4.05329645e-01, 4.00049210e-01, 1.58408731e-02,
       -4.17739093e-01, 4.06296462e-01, -1.01548851e-01, -4.34778571e-01,
       3.41944784e-01, -4.38121408e-02, -4.46814775e-01, 3.50258380e-01,
       1.67508423e-02, -4.45316494e-01, 3.52811843e-01, -1.00336239e-01,
       -4.68168557e-01, 2.94960022e-01, -4.07402664e-02, -4.71796274e-01,
       2.98533022e-01, 1.48549825e-02, -4.86498386e-01, 3.04369479e-01 ]
WS_POSITIONS: !!opencv-matrix
   rows: 9
   cols: 1
   dt: "3f"
   data: [ -2.62508005e-01, -1.85125664e-01, 1.61383426e+00,
       -2.01819912e-01, -1.88775897e-01, 1.62187648e+00, -1.44230485e-01,
       -1.92061231e-01, 1.62825060e+00, -2.57395446e-01, -2.28404358e-01,
       1.56433892e+00, -1.98494583e-01, -2.31068790e-01, 1.57277119e+00,
       -1.38925076e-01, -2.20018163e-01, 1.57522035e+00, -2.50884742e-01,
       -2.61947304e-01, 1.51790178e+00, -1.91464871e-01, -2.56093740e-01,
       1.52145493e+00, -1.34256199e-01, -2.61767775e-01, 1.52745664e+00 ]
MAT_WS2RB: !!opencv-matrix
   rows: 4
   cols: 4
   dt: f
   data: [ 9.87541735e-01, -1.57352030e-01, -1.26055023e-03, 0.,
       1.57351598e-01, 9.87408698e-01, 1.62652377e-02, 0.,
       -1.31469010e-03, -1.62609536e-02, 9.99866962e-01, 0.,
       1.90636292e-01, -2.24314183e-01, -1.21879542e+00, 1. ]
MAT_RB2WS: !!opencv-matrix
   rows: 4
   cols: 4
   dt: f
   data: [ 9.87541795e-01, 1.57351583e-01, -1.31468999e-03, 0.,
       -1.57352030e-01, 9.87408698e-01, -1.62609518e-02, 0.,
       -1.26055034e-03, 1.62652396e-02, 9.99866903e-01, 0.,
       -2.25093946e-01, 2.11316839e-01, 1.21523631e+00, 1. ]
