%YAML:1.0
---
RB_POSITIONS: !!opencv-matrix
   rows: 9
   cols: 1
   dt: "3f"
   data: [ -2.17259705e-01, -3.63403231e-01, 3.09156418e-01,
       -1.59993559e-01, -3.65631044e-01, 3.18777204e-01, -9.95252877e-02,
       -3.65789801e-01, 3.33958119e-01, -2.05213666e-01, -4.00252014e-01,
       2.56605834e-01, -1.47029832e-01, -4.00712430e-01, 2.70122588e-01,
       -8.94728303e-02, -3.87686074e-01, 2.76895255e-01, -1.93183586e-01,
       -4.27911043e-01, 2.07429901e-01, -1.36870027e-01, -4.20325220e-01,
       2.16441572e-01, -7.78014660e-02, -4.23109382e-01, 2.27666989e-01 ]
WS_POSITIONS: !!opencv-matrix
   rows: 9
   cols: 1
   dt: "3f"
   data: [ -1.27537802e-01, -2.25772351e-01, 1.76599443e+00,
       -6.95381314e-02, -2.26443917e-01, 1.76245546e+00, -7.22536491e-03,
       -2.24750042e-01, 1.76352656e+00, -1.26599938e-01, -2.64555305e-01,
       1.71346343e+00, -6.68785572e-02, -2.63278723e-01, 1.71344364e+00,
       -9.68212634e-03, -2.48827055e-01, 1.70650959e+00, -1.25182956e-01,
       -2.94016570e-01, 1.66388476e+00, -6.85337186e-02, -2.84929991e-01,
       1.65961051e+00, -8.40056129e-03, -2.86053509e-01, 1.65724492e+00 ]
MAT_WS2RB: !!opencv-matrix
   rows: 4
   cols: 4
   dt: f
   data: [ 9.73751247e-01, -2.90734861e-02, 2.25750223e-01, 0.,
       2.00489257e-02, 9.98909414e-01, 4.21665609e-02, 0.,
       -2.26729974e-01, -3.65336947e-02, 9.73272204e-01, 0.,
       3.11860740e-01, -7.70667866e-02, -1.37132514e+00, 1. ]
MAT_RB2WS: !!opencv-matrix
   rows: 4
   cols: 4
   dt: f
   data: [ 9.73751307e-01, 2.00489275e-02, -2.26729959e-01, 0.,
       -2.90734842e-02, 9.98909414e-01, -3.65336910e-02, 0.,
       2.25750238e-01, 4.21665609e-02, 9.73272204e-01, 0.,
       3.66156199e-03, 1.28554329e-01, 1.40256512e+00, 1. ]
