%YAML:1.0
---
RB_POSITIONS: !!opencv-matrix
   rows: 9
   cols: 1
   dt: "3f"
   data: [ 4.10832688e-02, -4.23664749e-01, 3.57620060e-01,
       1.02093942e-01, -4.25877810e-01, 3.51057231e-01, 1.59729481e-01,
       -4.27843928e-01, 3.43563974e-01, 3.48607227e-02, -4.61744249e-01,
       3.04161549e-01, 9.41908136e-02, -4.63090241e-01, 2.98455030e-01,
       1.52508900e-01, -4.50130343e-01, 2.87729353e-01, 3.05801630e-02,
       -4.90106672e-01, 2.54519463e-01, 8.90660882e-02, -4.82419133e-01,
       2.44338885e-01, 1.46227002e-01, -4.86717284e-01, 2.36328691e-01 ]
WS_POSITIONS: !!opencv-matrix
   rows: 9
   cols: 1
   dt: "3f"
   data: [ 5.83496466e-02, -2.34289780e-01, 1.58250809e+00,
       1.19273752e-01, -2.36617550e-01, 1.57522070e+00, 1.76809952e-01,
       -2.38743171e-01, 1.56703913e+00, 5.15258759e-02, -2.74463445e-01,
       1.53068054e+00, 1.10778458e-01, -2.75894940e-01, 1.52423704e+00,
       1.68911442e-01, -2.63232172e-01, 1.51222825e+00, 4.66668420e-02,
       -3.04772437e-01, 1.48225689e+00, 1.04989991e-01, -2.97356009e-01,
       1.47099853e+00, 1.62051409e-01, -3.01833332e-01, 1.46239877e+00 ]
MAT_WS2RB: !!opencv-matrix
   rows: 4
   cols: 4
   dt: f
   data: [ 9.99907494e-01, -2.86273845e-03, 1.32964803e-02, 0.,
       2.33606901e-03, 9.99218464e-01, 3.94576900e-02, 0.,
       -1.33990459e-02, -3.94229777e-02, 9.99132752e-01, 0.,
       4.49043699e-03, -1.27003834e-01, -1.21504688e+00, 1. ]
MAT_RB2WS: !!opencv-matrix
   rows: 4
   cols: 4
   dt: f
   data: [ 9.99907494e-01, 2.33606901e-03, -1.33990459e-02, 0.,
       -2.86273845e-03, 9.99218524e-01, -3.94229777e-02, 0.,
       1.32964794e-02, 3.94576900e-02, 9.99132752e-01, 0.,
       1.13022467e-02, 1.74837053e-01, 1.20904648e+00, 1. ]
