%YAML:1.0
---
RB_POSITIONS: !!opencv-matrix
   rows: 9
   cols: 1
   dt: "3f"
   data: [ -1.50862813e-01, -2.20042840e-01, 3.48974288e-01,
       -8.98490548e-02, -2.19510823e-01, 3.54407191e-01, -3.19916904e-02,
       -2.18955144e-01, 3.58351409e-01, -1.45157963e-01, -2.62385368e-01,
       2.99184203e-01, -8.58788341e-02, -2.61066735e-01, 3.04652900e-01,
       -2.72415392e-02, -2.45878264e-01, 3.04225177e-01, -1.38548881e-01,
       -2.94965863e-01, 2.51987457e-01, -7.96299726e-02, -2.85122722e-01,
       2.53066987e-01, -2.19459180e-02, -2.86817968e-01, 2.56363869e-01 ]
WS_POSITIONS: !!opencv-matrix
   rows: 9
   cols: 1
   dt: "3f"
   data: [ -1.32567942e-01, -2.46289760e-01, 1.75391316e+00,
       -7.13570938e-02, -2.44020954e-01, 1.75466394e+00, -1.34084141e-02,
       -2.41773024e-01, 1.75417495e+00, -1.29542619e-01, -2.86529750e-01,
       1.70218229e+00, -7.00802729e-02, -2.83531785e-01, 1.70313334e+00,
       -1.21167805e-02, -2.66479850e-01, 1.69881272e+00, -1.25695392e-01,
       -3.17088157e-01, 1.65335524e+00, -6.71797618e-02, -3.05422664e-01,
       1.65030134e+00, -9.38938651e-03, -3.05404127e-01, 1.64909089e+00 ]
MAT_WS2RB: !!opencv-matrix
   rows: 4
   cols: 4
   dt: f
   data: [ 9.96542335e-01, -2.88186520e-02, 7.79283568e-02, 0.,
       3.18200737e-02, 9.98787940e-01, -3.75515558e-02, 0.,
       -7.67517239e-02, 3.99014018e-02, 9.96251464e-01, 0.,
       1.23699553e-01, -4.78556193e-02, -1.39728200e+00, 1. ]
MAT_RB2WS: !!opencv-matrix
   rows: 4
   cols: 4
   dt: f
   data: [ 9.96542335e-01, 3.18200737e-02, -7.67517164e-02, 0.,
       -2.88186502e-02, 9.98787940e-01, 3.99014018e-02, 0.,
       7.79283568e-02, -3.75515558e-02, 9.96251523e-01, 0.,
       -1.57630742e-02, -8.60863458e-03, 1.40344810e+00, 1. ]
