%YAML:1.0
---
RB_POSITIONS: !!opencv-matrix
   rows: 9
   cols: 1
   dt: "3f"
   data: [ -1.52144685e-01, -2.92772084e-01, 3.69176656e-01,
       -9.11236554e-02, -2.92178810e-01, 3.74536157e-01, -3.32678519e-02,
       -2.91559607e-01, 3.78547013e-01, -1.46365151e-01, -3.35085690e-01,
       3.19306910e-01, -8.71021599e-02, -3.33718836e-01, 3.24876994e-01,
       -2.84852535e-02, -3.18494678e-01, 3.24526966e-01, -1.39723897e-01,
       -3.67668092e-01, 2.72172332e-01, -8.08180720e-02, -3.57754916e-01,
       2.73250818e-01, -2.31138580e-02, -3.59400511e-01, 2.76499331e-01 ]
WS_POSITIONS: !!opencv-matrix
   rows: 9
   cols: 1
   dt: "3f"
   data: [ -1.32581741e-01, -2.46246964e-01, 1.75386322e+00,
       -7.13686943e-02, -2.43971378e-01, 1.75451863e+00, -1.34162623e-02,
       -2.41716996e-01, 1.75407565e+00, -1.29547179e-01, -2.86458999e-01,
       1.70204985e+00, -7.00911731e-02, -2.83472985e-01, 1.70308149e+00,
       -1.21286195e-02, -2.66443580e-01, 1.69881737e+00, -1.25710905e-01,
       -3.17027479e-01, 1.65328264e+00, -6.72006160e-02, -3.05347532e-01,
       1.65020776e+00, -9.39580426e-03, -3.05331320e-01, 1.64892673e+00 ]
MAT_WS2RB: !!opencv-matrix
   rows: 4
   cols: 4
   dt: f
   data: [ 9.96541440e-01, -2.78653763e-02, 7.82851800e-02, 0.,
       3.08795162e-02, 9.98817086e-01, -3.75588499e-02, 0.,
       -7.71460012e-02, 3.98463570e-02, 9.96223152e-01, 0.,
       1.22886032e-01, -1.20395914e-01, -1.37693202e+00, 1. ]
MAT_RB2WS: !!opencv-matrix
   rows: 4
   cols: 4
   dt: f
   data: [ 9.96541500e-01, 3.08795180e-02, -7.71460012e-02, 0.,
       -2.78653782e-02, 9.98817205e-01, 3.98463644e-02, 0.,
       7.82851949e-02, -3.75588499e-02, 9.96223271e-01, 0.,
       -1.80225130e-02, 6.47428706e-02, 1.38600934e+00, 1. ]
