%YAML:1.0
---
RB_POSITIONS: !!opencv-matrix
   rows: 9
   cols: 1
   dt: "3f"
   data: [ -9.98147577e-02, -3.92137438e-01, 3.92117977e-01,
       -4.04808372e-02, -4.05380845e-01, 4.00020540e-01, 1.58706307e-02,
       -4.17773247e-01, 4.06203836e-01, -1.01511270e-01, -4.34831917e-01,
       3.41882378e-01, -4.37889099e-02, -4.46887136e-01, 3.50236416e-01,
       1.67793483e-02, -4.45371985e-01, 3.52712631e-01, -1.00314677e-01,
       -4.68243927e-01, 2.94904232e-01, -4.07353342e-02, -4.71873850e-01,
       2.98490942e-01, 1.48695260e-02, -4.86566842e-01, 3.04337472e-01 ]
WS_POSITIONS: !!opencv-matrix
   rows: 9
   cols: 1
   dt: "3f"
   data: [ -2.62495965e-01, -1.85178205e-01, 1.61383522e+00,
       -2.01828033e-01, -1.88790560e-01, 1.62187910e+00, -1.44236997e-01,
       -1.92059889e-01, 1.62819374e+00, -2.57386744e-01, -2.28422180e-01,
       1.56430578e+00, -1.98497847e-01, -2.31107488e-01, 1.57278371e+00,
       -1.38925701e-01, -2.20041454e-01, 1.57515931e+00, -2.50885278e-01,
       -2.61992216e-01, 1.51787817e+00, -1.91481709e-01, -2.56143957e-01,
       1.52144945e+00, -1.34265557e-01, -2.61807919e-01, 1.52746594e+00 ]
MAT_WS2RB: !!opencv-matrix
   rows: 4
   cols: 4
   dt: f
   data: [ 9.87544477e-01, -1.57334700e-01, -1.33948808e-03, 0.,
       1.57335460e-01, 9.87410367e-01, 1.63253788e-02, 0.,
       -1.24592439e-03, -1.63327884e-02, 9.99865949e-01, 0.,
       1.90557510e-01, -2.24231869e-01, -1.21882939e+00, 1. ]
MAT_RB2WS: !!opencv-matrix
   rows: 4
   cols: 4
   dt: f
   data: [ 9.87544417e-01, 1.57335460e-01, -1.24592416e-03, 0.,
       -1.57334685e-01, 9.87410247e-01, -1.63327847e-02, 0.,
       -1.33948785e-03, 1.63253788e-02, 9.99865830e-01, 0.,
       -2.25096032e-01, 2.11325228e-01, 1.21524084e+00, 1. ]
