%YAML:1.0
---
RB_POSITIONS: !!opencv-matrix
   rows: 9
   cols: 1
   dt: "3f"
   data: [ 4.28317264e-02, -3.34177852e-01, 3.40059996e-01,
       1.03840187e-01, -3.36438596e-01, 3.33522856e-01, 1.61472127e-01,
       -3.38446051e-01, 3.26004833e-01, 3.65612730e-02, -3.72253567e-01,
       2.86628544e-01, 9.58876312e-02, -3.73624027e-01, 2.80848920e-01,
       1.54195219e-01, -3.60704839e-01, 2.70057201e-01, 3.22276615e-02,
       -4.00582522e-01, 2.36903697e-01, 9.07225311e-02, -3.92957747e-01,
       2.26748139e-01, 1.47871554e-01, -3.97290736e-01, 2.18709543e-01 ]
WS_POSITIONS: !!opencv-matrix
   rows: 9
   cols: 1
   dt: "3f"
   data: [ 5.83525822e-02, -2.34296203e-01, 1.58251703e+00,
       1.19280048e-01, -2.36633435e-01, 1.57528806e+00, 1.76817879e-01,
       -2.38766268e-01, 1.56711257e+00, 5.15320301e-02, -2.74471074e-01,
       1.53071487e+00, 1.10784136e-01, -2.75893748e-01, 1.52422929e+00,
       1.68904185e-01, -2.63238996e-01, 1.51218522e+00, 4.66618016e-02,
       -3.04754704e-01, 1.48220670e+00, 1.04995526e-01, -2.97364503e-01,
       1.47100472e+00, 1.62051886e-01, -3.01843077e-01, 1.46240699e+00 ]
MAT_WS2RB: !!opencv-matrix
   rows: 4
   cols: 4
   dt: f
   data: [ 9.99912500e-01, -3.45653133e-03, 1.27687017e-02, 0.,
       2.94971163e-03, 9.99215186e-01, 3.95001136e-02, 0.,
       -1.28952153e-02, -3.94589938e-02, 9.99137938e-01, 0.,
       5.58225578e-03, -3.74193117e-02, -1.23258317e+00, 1. ]
MAT_RB2WS: !!opencv-matrix
   rows: 4
   cols: 4
   dt: f
   data: [ 9.99912500e-01, 2.94971163e-03, -1.28952153e-02, 0.,
       -3.45653133e-03, 9.99215186e-01, -3.94589938e-02, 0.,
       1.27687026e-02, 3.95001136e-02, 9.99137998e-01, 0.,
       1.00273788e-02, 8.60606506e-02, 1.23011613e+00, 1. ]
