%YAML:1.0
---
RB_POSITIONS: !!opencv-matrix
   rows: 9
   cols: 1
   dt: "3f"
   data: [ -5.95292002e-02, -2.31244236e-01, 3.50114971e-01,
       -2.38195062e-04, -2.44609073e-01, 3.58127594e-01, 5.61023951e-02,
       -2.57090569e-01, 3.64181340e-01, -6.13737404e-02, -2.73990422e-01,
       2.99945563e-01, -3.67663801e-03, -2.86157519e-01, 3.08342874e-01,
       5.68873584e-02, -2.84756184e-01, 3.10767293e-01, -6.03058487e-02,
       -3.07466745e-01, 2.53100485e-01, -7.19428062e-04, -3.11199307e-01,
       2.56595969e-01, 5.48555404e-02, -3.26001406e-01, 2.62426198e-01 ]
WS_POSITIONS: !!opencv-matrix
   rows: 9
   cols: 1
   dt: "3f"
   data: [ -2.62493402e-01, -1.85202733e-01, 1.61376488e+00,
       -2.01848328e-01, -1.88827083e-01, 1.62196732e+00, -1.44252345e-01,
       -1.92079425e-01, 1.62819827e+00, -2.57394373e-01, -2.28457019e-01,
       1.56426048e+00, -1.98514476e-01, -2.31147155e-01, 1.57282960e+00,
       -1.38952613e-01, -2.20078081e-01, 1.57521665e+00, -2.50904113e-01,
       -2.62046218e-01, 1.51793659e+00, -1.91491872e-01, -2.56184310e-01,
       1.52147400e+00, -1.34281576e-01, -2.61852711e-01, 1.52751744e+00 ]
MAT_WS2RB: !!opencv-matrix
   rows: 4
   cols: 4
   dt: f
   data: [ 9.87227738e-01, -1.59300625e-01, -2.20285705e-03, 0.,
       1.59315661e-01, 9.87109959e-01, 1.52531704e-02, 0.,
       -2.55377759e-04, -1.54093010e-02, 9.99881327e-01, 0.,
       2.29529381e-01, -6.53771535e-02, -1.26121163e+00, 1. ]
MAT_RB2WS: !!opencv-matrix
   rows: 4
   cols: 4
   dt: f
   data: [ 9.87227678e-01, 1.59315646e-01, -2.55377498e-04, 0.,
       -1.59300625e-01, 9.87109840e-01, -1.54092992e-02, 0.,
       -2.20285659e-03, 1.52531685e-02, 9.99881208e-01, 0.,
       -2.39790633e-01, 4.72042784e-02, 1.26011300e+00, 1. ]
