%YAML:1.0
---
K: !!opencv-matrix
   rows: 3
   cols: 3
   dt: d
   data: [ 4.9105500054602871e+03, 0., 6.9357738397374646e+02, 0.,
       4.9069075705761115e+03, 6.4240860135880428e+02, 0., 0., 1. ]
DistCoeffs: !!opencv-matrix
   rows: 1
   cols: 5
   dt: d
   data: [ 2.6139080107194190e-01, -1.9981262134574369e+01,
       1.9049831100159907e-03, 3.8002983072780100e-03,
       4.6564609909049807e+02 ]
rvec: !!opencv-matrix
   rows: 3
   cols: 1
   dt: d
   data: [ 1.8733217683331753e+00, 4.8315470917019726e-01,
       2.7150497438256088e-01 ]
tvec: !!opencv-matrix
   rows: 3
   cols: 1
   dt: d
   data: [ -7.8987602411397698e-02, 2.0914960994665555e-01,
       1.1246677934390901e+00 ]
rb2wsMat: !!opencv-matrix
   rows: 4
   cols: 4
   dt: f
   data: [ 8.76840293e-01, 1.42126232e-01, -4.59294260e-01, 0.,
       -8.13727826e-03, 9.59557474e-01, 2.81395227e-01, 0.,
       4.80712891e-01, -2.43001267e-01, 8.42535198e-01, 0.,
       -4.10662554e-02, 2.47742191e-01, 1.52759397e+00, 1. ]
imgFile: "C:\\Users\\rlaak\\OneDrive\\Desktop\\biospine\\SpineNavi\\bin\\X64_Release\\..\\..\\data\\Tracking 2023-11-02/test1_139067065242679.png"
