%YAML:1.0
---
K: !!opencv-matrix
   rows: 3
   cols: 3
   dt: d
   data: [ 4.9105500054602871e+03, 0., 6.9357738397374646e+02, 0.,
       4.9069075705761115e+03, 6.4240860135880428e+02, 0., 0., 1. ]
DistCoeffs: !!opencv-matrix
   rows: 1
   cols: 5
   dt: d
   data: [ 2.6139080107194190e-01, -1.9981262134574369e+01,
       1.9049831100159907e-03, 3.8002983072780100e-03,
       4.6564609909049807e+02 ]
rvec: !!opencv-matrix
   rows: 3
   cols: 1
   dt: d
   data: [ 1.8733217683331753e+00, 4.8315470917019726e-01,
       2.7150497438256088e-01 ]
tvec: !!opencv-matrix
   rows: 3
   cols: 1
   dt: d
   data: [ -7.8987602411397698e-02, 2.0914960994665555e-01,
       1.1246677934390901e+00 ]
rb2wsMat: !!opencv-matrix
   rows: 4
   cols: 4
   dt: f
   data: [ 8.84944320e-01, 9.20300335e-02, -4.56512868e-01, 0.,
       4.60026860e-02, 9.58209455e-01, 2.82344460e-01, 0.,
       4.63419139e-01, -2.70859957e-01, 8.43728423e-01, 0.,
       -3.51912854e-03, 2.50519395e-01, 1.52751255e+00, 1. ]
imgFile: "C:\\Users\\rlaak\\OneDrive\\Desktop\\biospine\\SpineNavi\\bin\\X64_Release\\..\\..\\data\\Tracking 2023-11-02/test1_139067065174838.png"
