%YAML:1.0
---
K: !!opencv-matrix
   rows: 3
   cols: 3
   dt: d
   data: [ 4.9105500054602871e+03, 0., 6.9357738397374646e+02, 0.,
       4.9069075705761115e+03, 6.4240860135880428e+02, 0., 0., 1. ]
DistCoeffs: !!opencv-matrix
   rows: 1
   cols: 5
   dt: d
   data: [ 2.6139080107194190e-01, -1.9981262134574369e+01,
       1.9049831100159907e-03, 3.8002983072780100e-03,
       4.6564609909049807e+02 ]
rvec: !!opencv-matrix
   rows: 3
   cols: 1
   dt: d
   data: [ 1.8733217683331753e+00, 4.8315470917019726e-01,
       2.7150497438256088e-01 ]
tvec: !!opencv-matrix
   rows: 3
   cols: 1
   dt: d
   data: [ -7.8987602411397698e-02, 2.0914960994665555e-01,
       1.1246677934390901e+00 ]
rb2wsMat: !!opencv-matrix
   rows: 4
   cols: 4
   dt: f
   data: [ 9.26696897e-01, -1.66589186e-01, -3.36869210e-01, 0.,
       1.99077174e-01, 9.77888048e-01, 6.40564188e-02, 0.,
       3.18749279e-01, -1.26423851e-01, 9.39369977e-01, 0.,
       -5.01660779e-02, 4.50549275e-01, 1.44637537e+00, 1. ]
imgFile: "C:\\Users\\rlaak\\OneDrive\\Desktop\\biospine\\SpineNavi\\bin\\X64_Release\\..\\..\\data\\Tracking 2023-11-02/test1_139067063584254.png"
