%YAML:1.0
---
rvec: !!opencv-matrix
   rows: 3
   cols: 1
   dt: d
   data: [ 1.8750474393270544e+00, 4.6900135762827039e-01,
       2.6945435182732252e-01 ]
tvec: !!opencv-matrix
   rows: 3
   cols: 1
   dt: d
   data: [ -8.7703791811078582e-02, 2.1640430366942842e-01,
       1.1228529770411348e+00 ]
