%YAML:1.0
---
rvec: !!opencv-matrix
   rows: 3
   cols: 1
   dt: d
   data: [ 1.8793082786701190e+00, 4.7286848467371301e-01,
       2.7361902426484114e-01 ]
tvec: !!opencv-matrix
   rows: 3
   cols: 1
   dt: d
   data: [ -8.6483172034691885e-02, 2.1724666334306025e-01,
       1.1178464292037487e+00 ]
