%YAML:1.0
---
K: !!opencv-matrix
   rows: 3
   cols: 3
   dt: d
   data: [ 4.9031427000000003e+03, 0., 7.2802150600000004e+02, 0.,
       4.8976669499999998e+03, 6.4509995800000002e+02, 0., 0., 1. ]
DistCoeffs: !!opencv-matrix
   rows: 1
   cols: 5
   dt: d
   data: [ 7.7676976699999997e-02, -3.1595135000000001e+00,
       1.8602709999999999e-03, 6.2622624500000001e-03,
       -9.7853785200000001e+00 ]
rvec: !!opencv-matrix
   rows: 3
   cols: 1
   dt: d
   data: [ 1.8670736249647588e+00, 4.8399847444891514e-01,
       2.7051257342543938e-01 ]
tvec: !!opencv-matrix
   rows: 3
   cols: 1
   dt: d
   data: [ -8.7303674205244472e-02, 2.2018290611506647e-01,
       1.1151229852433862e+00 ]
rb2wsMat: !!opencv-matrix
   rows: 4
   cols: 4
   dt: f
   data: [ 8.23452532e-01, -1.46094844e-01, -5.48253775e-01, 0.,
       2.68930256e-01, 9.51342285e-01, 1.50414065e-01, 0.,
       4.99602288e-01, -2.71300882e-01, 8.22674513e-01, 0.,
       1.32254586e-01, 3.78277481e-01, 1.46157730e+00, 1. ]
imgFile: "D:/Spine Project/SpineNavi/bin/X64_Release/../../data/Tracking 2023-10-05/test1_139063139738078.png"
