%YAML:1.0
---
K: !!opencv-matrix
   rows: 3
   cols: 3
   dt: d
   data: [ 4.9031427000000003e+03, 0., 7.2802150600000004e+02, 0.,
       4.8976669499999998e+03, 6.4509995800000002e+02, 0., 0., 1. ]
DistCoeffs: !!opencv-matrix
   rows: 1
   cols: 5
   dt: d
   data: [ 7.7676976699999997e-02, -3.1595135000000001e+00,
       1.8602709999999999e-03, 6.2622624500000001e-03,
       -9.7853785200000001e+00 ]
rvec: !!opencv-matrix
   rows: 3
   cols: 1
   dt: d
   data: [ 1.8697815808330458e+00, 4.6979508799980296e-01,
       2.6745031179918638e-01 ]
tvec: !!opencv-matrix
   rows: 3
   cols: 1
   dt: d
   data: [ -8.7392138607719674e-02, 2.1952023998552653e-01,
       1.1214637441067197e+00 ]
rb2wsMat: !!opencv-matrix
   rows: 4
   cols: 4
   dt: f
   data: [ 8.24157000e-01, -1.47218570e-01, -5.46893060e-01, 0.,
       2.68987894e-01, 9.51513886e-01, 1.49220660e-01, 0.,
       4.98408288e-01, -2.70088851e-01, 8.23796868e-01, 0.,
       1.26606941e-01, 2.53293693e-01, 1.48269641e+00, 1. ]
imgFile: "D:/Spine Project/SpineNavi/bin/X64_Release/../../data/Tracking 2023-10-05/test3_139063140034680.png"
