%YAML:1.0
---
K: !!opencv-matrix
   rows: 3
   cols: 3
   dt: d
   data: [ 4.9031427000000003e+03, 0., 7.2802150600000004e+02, 0.,
       4.8976669499999998e+03, 6.4509995800000002e+02, 0., 0., 1. ]
DistCoeffs: !!opencv-matrix
   rows: 1
   cols: 5
   dt: d
   data: [ 7.7676976699999997e-02, -3.1595135000000001e+00,
       1.8602709999999999e-03, 6.2622624500000001e-03,
       -9.7853785200000001e+00 ]
rvec: !!opencv-matrix
   rows: 3
   cols: 1
   dt: d
   data: [ 1.8750474393270544e+00, 4.6900135762827039e-01,
       2.6945435182732252e-01 ]
tvec: !!opencv-matrix
   rows: 3
   cols: 1
   dt: d
   data: [ -8.7703791811078582e-02, 2.1640430366942842e-01,
       1.1228529770411348e+00 ]
rb2wsMat: !!opencv-matrix
   rows: 4
   cols: 4
   dt: f
   data: [ 8.24435711e-01, -1.47873312e-01, -5.46295881e-01, 0.,
       2.68763870e-01, 9.51772094e-01, 1.47972688e-01, 0.,
       4.98067975e-01, -2.68818557e-01, 8.24417949e-01, 0.,
       1.23997875e-01, 1.93401173e-01, 1.49257004e+00, 1. ]
imgFile: "D:/Spine Project/SpineNavi/bin/X64_Release/../../data/Tracking 2023-10-05/test3_139063140049711.png"
