%YAML:1.0
---
ToolPos: !!opencv-matrix
   rows: 1
   cols: 3
   dt: f
   data: [ 2.59003788e-01, 5.58619201e-03, 2.06490830e-02 ]
ToolVec: !!opencv-matrix
   rows: 1
   cols: 3
   dt: f
   data: [ -9.92077470e-01, -1.45429634e-02, -1.24782749e-01 ]
