%YAML:1.0
---
RB_POSITIONS: !!opencv-matrix
   rows: 9
   cols: 1
   dt: "3f"
   data: [ 1.30190402e-02, -2.51345098e-01, 4.03281718e-01,
       6.93386495e-02, -2.43531004e-01, 3.84723872e-01, 1.20713457e-01,
       -2.37698823e-01, 3.62544596e-01, 5.05700707e-04, -2.87425369e-01,
       3.56075585e-01, 5.55769354e-02, -2.82565862e-01, 3.34514946e-01,
       1.07975304e-01, -2.74627686e-01, 3.15805733e-01, -1.42557546e-02,
       -3.23151350e-01, 3.12616467e-01, 3.98501605e-02, -3.17475945e-01,
       2.90194392e-01, 9.54953730e-02, -3.09877366e-01, 2.71928519e-01 ]
WS_POSITIONS: !!opencv-matrix
   rows: 9
   cols: 1
   dt: "3f"
   data: [ 1.40198961e-01, 1.24094106e-01, 1.70420992e+00,
       1.96517959e-01, 1.31894559e-01, 1.68564451e+00, 2.47889683e-01,
       1.37721181e-01, 1.66345656e+00, 1.27646551e-01, 8.80837291e-02,
       1.65696073e+00, 1.82714254e-01, 9.29343849e-02, 1.63538909e+00,
       2.35112041e-01, 1.00861765e-01, 1.61667371e+00, 1.12847440e-01,
       5.24243005e-02, 1.61345983e+00, 1.66950092e-01, 5.80926090e-02,
       1.59102809e+00, 2.22594634e-01, 6.56776130e-02, 1.57275462e+00 ]
MAT_WS2RB: !!opencv-matrix
   rows: 4
   cols: 4
   dt: f
   data: [ 9.99999702e-01, 6.71357091e-04, 3.14527861e-04, 0.,
       -6.70946960e-04, 9.99998927e-01, -1.30223797e-03, 0.,
       -3.15401790e-04, 1.30202656e-03, 9.99999106e-01, 0.,
       -1.26559094e-01, -3.77752125e-01, -1.30080914e+00, 1. ]
MAT_RB2WS: !!opencv-matrix
   rows: 4
   cols: 4
   dt: f
   data: [ 9.99999702e-01, -6.70946960e-04, -3.15401790e-04, 0.,
       6.71357091e-04, 9.99998927e-01, 1.30202656e-03, 0.,
       3.14527861e-04, -1.30223797e-03, 9.99999106e-01, 0.,
       1.27221793e-01, 3.75972837e-01, 1.30125988e+00, 1. ]
