%YAML:1.0
---
RB_POSITIONS: !!opencv-matrix
   rows: 9
   cols: 1
   dt: "3f"
   data: [ 1.86257064e-03, -3.11164171e-01, 4.18935359e-01,
       5.84767908e-02, -3.02744895e-01, 4.01816100e-01, 1.10118419e-01,
       -2.96357006e-01, 3.80208403e-01, -9.39033926e-03, -3.47376883e-01,
       3.71963531e-01, 4.59440947e-02, -3.41802180e-01, 3.51234287e-01,
       9.85901803e-02, -3.33323598e-01, 3.33609611e-01, -2.30461061e-02,
       -3.83117437e-01, 3.28398556e-01, 3.13823223e-02, -3.76885831e-01,
       3.06749046e-01, 8.72536898e-02, -3.68631065e-01, 2.89390057e-01 ]
WS_POSITIONS: !!opencv-matrix
   rows: 9
   cols: 1
   dt: "3f"
   data: [ 1.29034996e-01, 6.42452985e-02, 1.71981287e+00,
       1.85646966e-01, 7.26499632e-02, 1.70267904e+00, 2.37283006e-01,
       7.90323839e-02, 1.68105626e+00, 1.17737129e-01, 2.81016063e-02,
       1.67279863e+00, 1.73065826e-01, 3.36672664e-02, 1.65205169e+00,
       2.25709498e-01, 4.21344936e-02, 1.63441432e+00, 1.04038261e-01,
       -7.57284556e-03, 1.62919307e+00, 1.58460975e-01, -1.34846964e-03,
       1.60752714e+00, 2.14329883e-01, 6.89246738e-03, 1.59015369e+00 ]
MAT_WS2RB: !!opencv-matrix
   rows: 4
   cols: 4
   dt: f
   data: [ 9.99999702e-01, 6.55138690e-04, 4.51944390e-04, 0.,
       -6.54545554e-04, 9.99998927e-01, -1.31133490e-03, 0.,
       -4.52803011e-04, 1.31103862e-03, 9.99999046e-01, 0.,
       -1.26351595e-01, -3.77748698e-01, -1.30084991e+00, 1. ]
MAT_RB2WS: !!opencv-matrix
   rows: 4
   cols: 4
   dt: f
   data: [ 9.99999702e-01, -6.54545554e-04, -4.52803011e-04, 0.,
       6.55138690e-04, 9.99998927e-01, 1.31103862e-03, 0.,
       4.51944390e-04, -1.31133478e-03, 9.99999046e-01, 0.,
       1.27186924e-01, 3.75959754e-01, 1.30128670e+00, 1. ]
