%YAML:1.0
---
RB_POSITIONS: !!opencv-matrix
   rows: 9
   cols: 1
   dt: "3f"
   data: [ -3.07283551e-02, -4.03939873e-01, 4.49080050e-01,
       2.88286358e-02, -4.08442885e-01, 4.47456181e-01, 8.44822824e-02,
       -4.14600700e-01, 4.40864533e-01, -3.67827043e-02, -4.42947328e-01,
       4.03416634e-01, 2.19450444e-02, -4.50391024e-01, 3.98375928e-01,
       7.79165030e-02, -4.54175621e-01, 3.95606935e-01, -4.59442288e-02,
       -4.80536729e-01, 3.60058814e-01, 1.23160779e-02, -4.87332374e-01,
       3.54285836e-01, 7.11427033e-02, -4.91983801e-01, 3.52126211e-01 ]
WS_POSITIONS: !!opencv-matrix
   rows: 9
   cols: 1
   dt: "3f"
   data: [ 9.63973701e-02, -2.85180118e-02, 1.74984264e+00,
       1.55950770e-01, -3.30569409e-02, 1.74818718e+00, 2.11597607e-01,
       -3.92418355e-02, 1.74156356e+00, 9.02983397e-02, -6.74632862e-02,
       1.70413220e+00, 1.49019122e-01, -7.49380141e-02, 1.69905651e+00,
       2.04986960e-01, -7.87547901e-02, 1.69625843e+00, 8.10940266e-02,
       -1.04991511e-01, 1.66073036e+00, 1.39347479e-01, -1.11816928e-01,
       1.65492344e+00, 1.98170185e-01, -1.16503134e-01, 1.65273237e+00 ]
MAT_WS2RB: !!opencv-matrix
   rows: 4
   cols: 4
   dt: f
   data: [ 9.99999702e-01, 6.38594909e-04, 4.33122710e-04, 0.,
       -6.38041820e-04, 9.99998987e-01, -1.27577141e-03, 0.,
       -4.33936977e-04, 1.27549481e-03, 9.99999106e-01, 0.,
       -1.26384571e-01, -3.77715379e-01, -1.30083919e+00, 1. ]
MAT_RB2WS: !!opencv-matrix
   rows: 4
   cols: 4
   dt: f
   data: [ 9.99999702e-01, -6.38041878e-04, -4.33936977e-04, 0.,
       6.38594851e-04, 9.99998987e-01, 1.27549469e-03, 0.,
       4.33122710e-04, -1.27577153e-03, 9.99999106e-01, 0.,
       1.27189174e-01, 3.75974774e-01, 1.30126488e+00, 1. ]
