%YAML:1.0
---
RB_POSITIONS: !!opencv-matrix
   rows: 9
   cols: 1
   dt: "3f"
   data: [ -6.22710586e-03, -3.61862361e-01, 4.40956086e-01,
       5.02958298e-02, -3.53645265e-01, 4.23680335e-01, 1.01877868e-01,
       -3.47448707e-01, 4.01548475e-01, -1.77895799e-02, -3.98041904e-01,
       3.93773407e-01, 3.75322551e-02, -3.92741829e-01, 3.73035073e-01,
       9.01845247e-02, -3.84460181e-01, 3.55215967e-01, -3.17158252e-02,
       -4.33873951e-01, 3.50125134e-01, 2.27736384e-02, -4.27811563e-01,
       3.28699201e-01, 7.85768479e-02, -4.19850498e-01, 3.11176986e-01 ]
WS_POSITIONS: !!opencv-matrix
   rows: 9
   cols: 1
   dt: "3f"
   data: [ 1.20912723e-01, 1.35706859e-02, 1.74174154e+00,
       1.77434430e-01, 2.17731912e-02, 1.72445488e+00, 2.29012072e-01,
       2.79646982e-02, 1.70231140e+00, 1.09308571e-01, -2.25400329e-02,
       1.69451642e+00, 1.64625943e-01, -1.72492377e-02, 1.67376387e+00,
       2.17276841e-01, -8.97893310e-03, 1.65593541e+00, 9.53422114e-02,
       -5.83062582e-02, 1.65082705e+00, 1.49827480e-01, -5.22517301e-02,
       1.62938809e+00, 2.05629185e-01, -4.43044603e-02, 1.61185491e+00 ]
MAT_WS2RB: !!opencv-matrix
   rows: 4
   cols: 4
   dt: f
   data: [ 9.99999821e-01, 6.55096606e-04, 3.81109538e-04, 0.,
       -6.54601492e-04, 9.99999046e-01, -1.29781733e-03, 0.,
       -3.81959340e-04, 1.29756751e-03, 9.99999166e-01, 0.,
       -1.26465648e-01, -3.77772272e-01, -1.30081248e+00, 1. ]
MAT_RB2WS: !!opencv-matrix
   rows: 4
   cols: 4
   dt: f
   data: [ 9.99999702e-01, -6.54601434e-04, -3.81959282e-04, 0.,
       6.55096548e-04, 9.99998927e-01, 1.29756739e-03, 0.,
       3.81109508e-04, -1.29781722e-03, 9.99999106e-01, 0.,
       1.27208829e-01, 3.76000822e-01, 1.30125308e+00, 1. ]
