%YAML:1.0
---
RB_POSITIONS: !!opencv-matrix
   rows: 9
   cols: 1
   dt: "3f"
   data: [ 7.06767291e-03, -2.56779790e-01, 4.04943764e-01,
       6.24283031e-02, -2.43822426e-01, 3.86426866e-01, 1.12993345e-01,
       -2.32932135e-01, 3.64154160e-01, -2.98930705e-03, -2.91573107e-01,
       3.56211603e-01, 5.13397455e-02, -2.81346649e-01, 3.34534138e-01,
       1.02754958e-01, -2.68496782e-01, 3.15853566e-01, -1.53513327e-02,
       -3.26262981e-01, 3.11155558e-01, 3.80185470e-02, -3.15302253e-01,
       2.88791567e-01, 9.27553549e-02, -3.02565902e-01, 2.70663142e-01 ]
WS_POSITIONS: !!opencv-matrix
   rows: 9
   cols: 1
   dt: "3f"
   data: [ 1.19760305e-01, -2.89220060e-03, 1.75151300e+00,
       1.75107479e-01, 1.00781890e-02, 1.73296511e+00, 2.25658759e-01,
       2.09760685e-02, 1.71066487e+00, 1.09703012e-01, -3.77302878e-02,
       1.70281291e+00, 1.64018825e-01, -2.74938401e-02, 1.68110704e+00,
       2.15420604e-01, -1.46330763e-02, 1.66239703e+00, 9.73419771e-02,
       -7.24630654e-02, 1.65778971e+00, 1.50698006e-01, -6.14934415e-02,
       1.63539708e+00, 2.05421627e-01, -4.87440489e-02, 1.61723804e+00 ]
MAT_WS2RB: !!opencv-matrix
   rows: 4
   cols: 4
   dt: f
   data: [ 9.99999881e-01, -5.08354860e-04, 3.69482324e-04, 0.,
       5.08053985e-04, 9.99999642e-01, 8.13851948e-04, 0.,
       -3.69895861e-04, -8.13664054e-04, 9.99999702e-01, 0.,
       -1.12043269e-01, -2.52401561e-01, -1.34661067e+00, 1. ]
MAT_RB2WS: !!opencv-matrix
   rows: 4
   cols: 4
   dt: f
   data: [ 9.99999821e-01, 5.08053985e-04, -3.69895832e-04, 0.,
       -5.08354802e-04, 9.99999523e-01, -8.13663937e-04, 0.,
       3.69482266e-04, 8.13851831e-04, 9.99999583e-01, 0.,
       1.12412475e-01, 2.53554314e-01, 1.34636307e+00, 1. ]
