%YAML:1.0
---
RB_POSITIONS: !!opencv-matrix
   rows: 9
   cols: 1
   dt: "3f"
   data: [ 9.58545506e-03, -2.32302204e-01, 3.95499736e-01,
       6.49753585e-02, -2.19358951e-01, 3.77120554e-01, 1.15564108e-01,
       -2.08461121e-01, 3.54802519e-01, -4.32647765e-04, -2.67051071e-01,
       3.46749455e-01, 5.39317951e-02, -2.56837726e-01, 3.25140446e-01,
       1.05353184e-01, -2.43991539e-01, 3.06523621e-01, -1.27560496e-02,
       -3.01716894e-01, 3.01669300e-01, 4.06436920e-02, -2.90758669e-01,
       2.79416531e-01, 9.54138786e-02, -2.78029293e-01, 2.61357933e-01 ]
WS_POSITIONS: !!opencv-matrix
   rows: 9
   cols: 1
   dt: "3f"
   data: [ 1.19767919e-01, -2.90367473e-03, 1.75146997e+00,
       1.75117806e-01, 1.00622894e-02, 1.73298657e+00, 2.25662544e-01,
       2.09719557e-02, 1.71057475e+00, 1.09709375e-01, -3.77405025e-02,
       1.70279086e+00, 1.64031520e-01, -2.75106002e-02, 1.68108344e+00,
       2.15412617e-01, -1.46458410e-02, 1.66236854e+00, 9.73509699e-02,
       -7.24905580e-02, 1.65778518e+00, 1.50706753e-01, -6.15177266e-02,
       1.63543439e+00, 2.05437586e-01, -4.87657115e-02, 1.61727273e+00 ]
MAT_WS2RB: !!opencv-matrix
   rows: 4
   cols: 4
   dt: f
   data: [ 9.99998450e-01, -9.47636552e-04, 1.50544173e-03, 0.,
       9.45210631e-04, 9.99998212e-01, 1.61132636e-03, 0.,
       -1.50696596e-03, -1.60990097e-03, 9.99997556e-01, 0.,
       -1.07540131e-01, -2.26465344e-01, -1.35614157e+00, 1. ]
MAT_RB2WS: !!opencv-matrix
   rows: 4
   cols: 4
   dt: f
   data: [ 9.99998391e-01, 9.45210690e-04, -1.50696596e-03, 0.,
       -9.47636552e-04, 9.99998271e-01, -1.60990085e-03, 0.,
       1.50544161e-03, 1.61132647e-03, 9.99997556e-01, 0.,
       1.09366946e-01, 2.28751794e-01, 1.35561168e+00, 1. ]
