%YAML:1.0
---
RB_POSITIONS: !!opencv-matrix
   rows: 9
   cols: 1
   dt: "3f"
   data: [ 3.73058021e-03, -2.86591679e-01, 4.16061997e-01,
       5.90981916e-02, -2.73617625e-01, 3.97674650e-01, 1.09640539e-01,
       -2.62743294e-01, 3.75227004e-01, -6.32901490e-03, -3.21417749e-01,
       3.67470503e-01, 4.79962602e-02, -3.11184168e-01, 3.45784426e-01,
       9.93808806e-02, -2.98344225e-01, 3.26982141e-01, -1.87005475e-02,
       -3.56139958e-01, 3.22403878e-01, 3.46640423e-02, -3.45180660e-01,
       3.00059229e-01, 8.94004852e-02, -3.32454860e-01, 2.81904221e-01 ]
WS_POSITIONS: !!opencv-matrix
   rows: 9
   cols: 1
   dt: "3f"
   data: [ 1.19745530e-01, -2.85197492e-03, 1.75140274e+00,
       1.75113693e-01, 1.01225050e-02, 1.73301733e+00, 2.25656807e-01,
       2.09969711e-02, 1.71057153e+00, 1.09688938e-01, -3.76804322e-02,
       1.70281231e+00, 1.64014980e-01, -2.74465922e-02, 1.68112826e+00,
       2.15400159e-01, -1.46063408e-02, 1.66232777e+00, 9.73202437e-02,
       -7.24049285e-02, 1.65774667e+00, 1.50685608e-01, -6.14454187e-02,
       1.63540399e+00, 2.05422595e-01, -4.87192310e-02, 1.61725092e+00 ]
MAT_WS2RB: !!opencv-matrix
   rows: 4
   cols: 4
   dt: f
   data: [ 1., -2.25373969e-05, -4.56768976e-05, 0., 2.25394306e-05, 1.,
       4.44730322e-05, 0., 4.56758935e-05, -4.44740654e-05, 1., 0.,
       -1.16094880e-01, -2.83659101e-01, -1.33533514e+00, 1. ]
MAT_RB2WS: !!opencv-matrix
   rows: 4
   cols: 4
   dt: f
   data: [ 1., 2.25394288e-05, 4.56758935e-05, 0., -2.25373988e-05, 1.,
       -4.44740617e-05, 0., -4.56768976e-05, 4.44730358e-05, 1., 0.,
       1.16027497e-01, 2.83721119e-01, 1.33532774e+00, 1. ]
