%YAML:1.0
---
rvec: !!opencv-matrix
   rows: 3
   cols: 1
   dt: d
   data: [ 1.8567744946476687e+00, 1.3451609971201145e-01,
       2.5323533929578212e-01 ]
tvec: !!opencv-matrix
   rows: 3
   cols: 1
   dt: d
   data: [ -2.4871345700376096e-01, 1.8153998911043775e-01,
       1.0672484392885488e+00 ]
