%YAML:1.0
---
K: !!opencv-matrix
   rows: 3
   cols: 3
   dt: d
   data: [ 4.9207502485278455e+03, 0., 6.0728068677556496e+02, 0.,
       4.9217065396176995e+03, 8.1401212519385138e+02, 0., 0., 1. ]
DistCoeffs: !!opencv-matrix
   rows: 1
   cols: 5
   dt: d
   data: [ -8.0898144841779124e-02, 1.0435686938662621e+00,
       1.4257357513986640e-02, -3.9395255781461153e-03,
       -4.2558745932303549e-01 ]
rvec: !!opencv-matrix
   rows: 3
   cols: 1
   dt: d
   data: [ 1.8567744946476687e+00, 1.3451609971201145e-01,
       2.5323533929578212e-01 ]
tvec: !!opencv-matrix
   rows: 3
   cols: 1
   dt: d
   data: [ -2.4871345700376096e-01, 1.8153998911043775e-01,
       1.0672484392885488e+00 ]
rb2wsMat: !!opencv-matrix
   rows: 4
   cols: 4
   dt: f
   data: [ 9.43076253e-01, 1.76120192e-01, -2.82114893e-01, 0.,
       -1.85644776e-01, 9.82590735e-01, -7.17122108e-03, 0.,
       2.75940508e-01, 5.91361597e-02, 9.59353805e-01, 0.,
       -2.32598752e-01, 1.10288441e-01, 1.21246958e+00, 1. ]
imgFile: "test1_139069620883760.png"
