%YAML:1.0
---
RB_POSITIONS: !!opencv-matrix
   rows: 9
   cols: 1
   dt: "3f"
   data: [ -1.57614648e-01, -3.63714606e-01, 3.68556470e-01,
       -1.00390770e-01, -3.67282450e-01, 3.78303319e-01, -4.27772999e-02,
       -3.68931621e-01, 3.92357469e-01, -1.47393137e-01, -4.08201873e-01,
       3.22222531e-01, -8.94989818e-02, -4.09785211e-01, 3.35891247e-01,
       -3.19100693e-02, -3.99881899e-01, 3.38398576e-01, -1.36837721e-01,
       -4.43748802e-01, 2.77372867e-01, -7.86151290e-02, -4.37461972e-01,
       2.85617352e-01, -2.23065186e-02, -4.41641092e-01, 2.96289355e-01 ]
WS_POSITIONS: !!opencv-matrix
   rows: 9
   cols: 1
   dt: "3f"
   data: [ -9.65776742e-02, -1.57471523e-01, 1.54793429e+00,
       -3.96695547e-02, -1.53599873e-01, 1.55928230e+00, 1.72612239e-02,
       -1.47573426e-01, 1.57484245e+00, -7.96589926e-02, -2.02546045e-01,
       1.50420237e+00, -2.24456228e-02, -1.96438611e-01, 1.51938140e+00,
       3.34334262e-02, -1.79511383e-01, 1.52282321e+00, -6.35276288e-02,
       -2.38645256e-01, 1.46150434e+00, -6.76408270e-03, -2.24953413e-01,
       1.47087455e+00, 4.92804497e-02, -2.21754834e-01, 1.48315442e+00 ]
MAT_WS2RB: !!opencv-matrix
   rows: 4
   cols: 4
   dt: f
   data: [ 9.92291868e-01, -1.19968899e-01, -3.10546309e-02, 0.,
       1.21359877e-01, 9.91464555e-01, 4.76417430e-02, 0.,
       2.50740349e-02, -5.10432981e-02, 9.98381615e-01, 0.,
       -8.14836323e-02, -1.40161827e-01, -1.17236960e+00, 1. ]
MAT_RB2WS: !!opencv-matrix
   rows: 4
   cols: 4
   dt: f
   data: [ 9.92291808e-01, 1.21359877e-01, 2.50740387e-02, 0.,
       -1.19968899e-01, 9.91464615e-01, -5.10432981e-02, 0.,
       -3.10546272e-02, 4.76417430e-02, 9.98381615e-01, 0.,
       2.76329704e-02, 2.04708084e-01, 1.16536117e+00, 1. ]
