%YAML:1.0
---
RB_POSITIONS: !!opencv-matrix
   rows: 9
   cols: 1
   dt: "3f"
   data: [ -1.54534638e-01, -3.53768587e-01, 3.80465418e-01,
       -9.68846828e-02, -3.56704473e-01, 3.87421250e-01, -3.85962613e-02,
       -3.57608378e-01, 3.98235202e-01, -1.46106064e-01, -3.97887409e-01,
       3.33527416e-01, -8.76132548e-02, -3.98737848e-01, 3.43956023e-01,
       -3.01462188e-02, -3.88051152e-01, 3.43545347e-01, -1.37452036e-01,
       -4.33018982e-01, 2.87848055e-01, -7.89129958e-02, -4.26010787e-01,
       2.93325216e-01, -2.21257284e-02, -4.29540128e-01, 3.01079810e-01 ]
WS_POSITIONS: !!opencv-matrix
   rows: 9
   cols: 1
   dt: "3f"
   data: [ -1.25555217e-01, -2.90364087e-01, 1.54705405e+00,
       -6.84322566e-02, -2.86360592e-01, 1.55712676e+00, -1.11324461e-02,
       -2.80408889e-01, 1.57114840e+00, -1.09210856e-01, -3.31282824e-01,
       1.49931300e+00, -5.16954623e-02, -3.25238109e-01, 1.51296329e+00,
       3.90469236e-03, -3.07471991e-01, 1.51609731e+00, -9.38436538e-02,
       -3.63310277e-01, 1.45311975e+00, -3.70202363e-02, -3.49280685e-01,
       1.46207535e+00, 1.92819238e-02, -3.46003234e-01, 1.47287846e+00 ]
MAT_WS2RB: !!opencv-matrix
   rows: 4
   cols: 4
   dt: f
   data: [ 9.90643859e-01, -1.26361266e-01, -5.15519790e-02, 0.,
       1.24501668e-01, 9.91497993e-01, -3.78285721e-02, 0.,
       5.58937490e-02, 3.10563333e-02, 9.97953653e-01, 0.,
       -8.04739669e-02, -1.29784331e-01, -1.18087947e+00, 1. ]
MAT_RB2WS: !!opencv-matrix
   rows: 4
   cols: 4
   dt: f
   data: [ 9.90643859e-01, 1.24501660e-01, 5.58937490e-02, 0.,
       -1.26361266e-01, 9.91498053e-01, 3.10563333e-02, 0.,
       -5.15519753e-02, -3.78285684e-02, 9.97953594e-01, 0.,
       2.44466541e-03, 9.40290764e-02, 1.18699145e+00, 1. ]
