%YAML:1.0
---
RB_POSITIONS: !!opencv-matrix
   rows: 9
   cols: 1
   dt: "3f"
   data: [ -1.45531267e-01, -2.73099661e-01, 3.62712860e-01,
       -8.79049227e-02, -2.76092589e-01, 3.69707495e-01, -2.96322182e-02,
       -2.77058482e-01, 3.80511433e-01, -1.37135431e-01, -3.17330509e-01,
       3.15874547e-01, -7.86553919e-02, -3.18241596e-01, 3.26385707e-01,
       -2.11757496e-02, -3.07635307e-01, 3.25953066e-01, -1.28495246e-01,
       -3.52560699e-01, 2.70211577e-01, -6.99565262e-02, -3.45629096e-01,
       2.75753319e-01, -1.31771676e-02, -3.49221885e-01, 2.83641398e-01 ]
WS_POSITIONS: !!opencv-matrix
   rows: 9
   cols: 1
   dt: "3f"
   data: [ -1.25527993e-01, -2.90354282e-01, 1.54705071e+00,
       -6.84189573e-02, -2.86338776e-01, 1.55710614e+00, -1.11211175e-02,
       -2.80383676e-01, 1.57106531e+00, -1.09191895e-01, -3.31281453e-01,
       1.49931419e+00, -5.16809374e-02, -3.25234294e-01, 1.51299441e+00,
       3.91802983e-03, -3.07462484e-01, 1.51607788e+00, -9.38242748e-02,
       -3.63302708e-01, 1.45306051e+00, -3.70076448e-02, -3.49277020e-01,
       1.46204317e+00, 1.92941055e-02, -3.45998228e-01, 1.47292376e+00 ]
MAT_WS2RB: !!opencv-matrix
   rows: 4
   cols: 4
   dt: f
   data: [ 9.90502775e-01, -1.27905712e-01, -5.04422039e-02, 0.,
       1.25980154e-01, 9.91238952e-01, -3.96778286e-02, 0.,
       5.50753027e-02, 3.29462849e-02, 9.97938514e-01, 0.,
       -6.98208436e-02, -5.23145050e-02, -1.19900119e+00, 1. ]
MAT_RB2WS: !!opencv-matrix
   rows: 4
   cols: 4
   dt: f
   data: [ 9.90502775e-01, 1.25980154e-01, 5.50752990e-02, 0.,
       -1.27905712e-01, 9.91238952e-01, 3.29462811e-02, 0.,
       -5.04422076e-02, -3.96778286e-02, 9.97938514e-01, 0.,
       1.98614784e-03, 1.30784474e-02, 1.20209849e+00, 1. ]
