%YAML:1.0
---
ToolPos: !!opencv-matrix
   rows: 1
   cols: 3
   dt: f
   data: [ 2.48513922e-01, 6.33762032e-03, 2.66382731e-02 ]
ToolVec: !!opencv-matrix
   rows: 1
   cols: 3
   dt: f
   data: [ -9.92077529e-01, -1.45431310e-02, -1.24782570e-01 ]
