%YAML:1.0
---
RB_POSITIONS: !!opencv-matrix
   rows: 9
   cols: 1
   dt: "3f"
   data: [ 1.06150806e-02, -3.20861191e-01, 4.37873900e-01,
       6.02844357e-02, -3.10121775e-01, 4.07849759e-01, 1.05391406e-01,
       -3.01191896e-01, 3.74900341e-01, -9.65911150e-03, -3.58698934e-01,
       3.95256519e-01, 3.87321860e-02, -3.50770742e-01, 3.61995727e-01,
       8.50743428e-02, -3.39901924e-01, 3.32381517e-01, -3.13063040e-02,
       -3.96261275e-01, 3.56349945e-01, 1.60457045e-02, -3.87510836e-01,
       3.22854131e-01, 6.55027181e-02, -3.76820982e-01, 2.92647213e-01 ]
WS_POSITIONS: !!opencv-matrix
   rows: 9
   cols: 1
   dt: "3f"
   data: [ 1.32430926e-01, 2.00308431e-02, 1.75135243e+00,
       1.81920037e-01, 3.11608911e-02, 1.72117341e+00, 2.26847991e-01,
       4.04584892e-02, 1.68808138e+00, 1.12247556e-01, -1.78404450e-02,
       1.70872176e+00, 1.60465106e-01, -9.52246226e-03, 1.67530417e+00,
       2.06627771e-01, 1.71447441e-03, 1.64554739e+00, 9.07029286e-02,
       -5.54536991e-02, 1.66980743e+00, 1.37875035e-01, -4.63197008e-02,
       1.63616049e+00, 1.87151492e-01, -3.52401361e-02, 1.60579932e+00 ]
MAT_WS2RB: !!opencv-matrix
   rows: 4
   cols: 4
   dt: f
   data: [ 9.99972463e-01, -6.48304494e-03, 3.63808079e-03, 0.,
       6.49136771e-03, 9.99976397e-01, -2.28052167e-03, 0.,
       -3.62320989e-03, 2.30407459e-03, 9.99990880e-01, 0.,
       -1.15596704e-01, -3.44068229e-01, -1.31389868e+00, 1. ]
MAT_RB2WS: !!opencv-matrix
   rows: 4
   cols: 4
   dt: f
   data: [ 9.99972343e-01, 6.49136677e-03, -3.62320943e-03, 0.,
       -6.48304448e-03, 9.99976337e-01, 2.30407459e-03, 0.,
       3.63808032e-03, -2.28052144e-03, 9.99990761e-01, 0.,
       1.18142955e-01, 3.41814101e-01, 1.31426048e+00, 1. ]
