%YAML:1.0
---
RB_POSITIONS: !!opencv-matrix
   rows: 9
   cols: 1
   dt: "3f"
   data: [ -2.80812830e-02, -2.80909121e-01, 3.90727848e-01,
       2.75297165e-02, -2.62224466e-01, 3.80985171e-01, 7.95714706e-02,
       -2.45494097e-01, 3.66275489e-01, -2.85999179e-02, -3.12806368e-01,
       3.39577824e-01, 2.69002020e-02, -2.96555012e-01, 3.25936586e-01,
       7.89355859e-02, -2.78187484e-01, 3.15348506e-01, -3.19077522e-02,
       -3.44818950e-01, 2.91261315e-01, 2.26642862e-02, -3.27983916e-01,
       2.76967317e-01, 7.77763724e-02, -3.09497863e-01, 2.66576320e-01 ]
WS_POSITIONS: !!opencv-matrix
   rows: 9
   cols: 1
   dt: "3f"
   data: [ 8.00618157e-02, -4.96207438e-02, 1.74601245e+00,
       1.35469973e-01, -3.04543246e-02, 1.73605227e+00, 1.87307328e-01,
       -1.32753095e-02, 1.72113943e+00, 7.96285123e-02, -8.15415084e-02,
       1.69487631e+00, 1.34932309e-01, -6.48107976e-02, 1.68101895e+00,
       1.86764598e-01, -4.59931009e-02, 1.67022705e+00, 7.64178708e-02,
       -1.13600843e-01, 1.64658427e+00, 1.30786046e-01, -9.62948725e-02,
       1.63207746e+00, 1.85694590e-01, -7.73316771e-02, 1.62147093e+00 ]
MAT_WS2RB: !!opencv-matrix
   rows: 4
   cols: 4
   dt: f
   data: [ 9.99954641e-01, -8.74643587e-03, 3.78654804e-03, 0.,
       8.74500349e-03, 9.99961793e-01, 3.94963921e-04, 0.,
       -3.78985750e-03, -3.61832586e-04, 9.99992847e-01, 0.,
       -1.01088397e-01, -2.29958266e-01, -1.35555565e+00, 1. ]
MAT_RB2WS: !!opencv-matrix
   rows: 4
   cols: 4
   dt: f
   data: [ 9.99954581e-01, 8.74500163e-03, -3.78985703e-03, 0.,
       -8.74643587e-03, 9.99961674e-01, -3.61832557e-04, 0.,
       3.78654758e-03, 3.94963834e-04, 9.99992728e-01, 0.,
       1.04205362e-01, 2.31368855e-01, 1.35507941e+00, 1. ]
