%YAML:1.0
---
RB_POSITIONS: !!opencv-matrix
   rows: 9
   cols: 1
   dt: "3f"
   data: [ 1.75979733e-03, -3.36391926e-01, 4.39242661e-01,
       5.30111790e-02, -3.24093103e-01, 4.12068874e-01, 9.97885466e-02,
       -3.13794374e-01, 3.81914169e-01, -1.47001520e-02, -3.74524862e-01,
       3.94971371e-01, 3.54974717e-02, -3.65016431e-01, 3.64802688e-01,
       8.32584798e-02, -3.52705449e-01, 3.38127434e-01, -3.27646658e-02,
       -4.12378669e-01, 3.55152845e-01, 1.63332075e-02, -4.02187020e-01,
       3.24319422e-01, 6.72563612e-02, -3.89896810e-01, 2.97276556e-01 ]
WS_POSITIONS: !!opencv-matrix
   rows: 9
   cols: 1
   dt: "3f"
   data: [ 1.31994724e-01, 7.30124637e-02, 1.72724831e+00,
       1.83070570e-01, 8.57012421e-02, 1.69992375e+00, 2.29673997e-01,
       9.63705853e-02, 1.66962886e+00, 1.15609191e-01, 3.49002630e-02,
       1.68293166e+00, 1.65637597e-01, 4.48004194e-02, 1.65260828e+00,
       2.13224873e-01, 5.74785061e-02, 1.62579489e+00, 9.76335630e-02,
       -2.95490632e-03, 1.64307415e+00, 1.46555632e-01, 7.62352021e-03,
       1.61209190e+00, 1.97303772e-01, 2.03013271e-02, 1.58489943e+00 ]
MAT_WS2RB: !!opencv-matrix
   rows: 4
   cols: 4
   dt: f
   data: [ 9.99974549e-01, -6.15177164e-03, 3.62755544e-03, 0.,
       6.16172748e-03, 9.99977291e-01, -2.73975730e-03, 0.,
       -3.61061865e-03, 2.76203942e-03, 9.99989688e-01, 0.,
       -1.24445021e-01, -4.13361460e-01, -1.28826666e+00, 1. ]
MAT_RB2WS: !!opencv-matrix
   rows: 4
   cols: 4
   dt: f
   data: [ 9.99974489e-01, 6.16172701e-03, -3.61061841e-03, 0.,
       -6.15177117e-03, 9.99977291e-01, 2.76203966e-03, 0.,
       3.62755544e-03, -2.73975730e-03, 9.99989688e-01, 0.,
       1.26572207e-01, 4.10589308e-01, 1.28894579e+00, 1. ]
