%YAML:1.0
---
RB_POSITIONS: !!opencv-matrix
   rows: 9
   cols: 1
   dt: "3f"
   data: [ 1.48017853e-02, -2.57307410e-01, 4.05325800e-01,
       6.19456470e-02, -2.48300344e-01, 3.70255560e-01, 1.04075745e-01,
       -2.41780609e-01, 3.33551764e-01, -7.38605857e-03, -2.99732387e-01,
       3.68014157e-01, 3.81418914e-02, -2.93996274e-01, 3.30301285e-01,
       8.16927999e-02, -2.85002857e-01, 2.96106219e-01, -3.06156352e-02,
       -3.41585606e-01, 3.34864646e-01, 1.38241053e-02, -3.35050374e-01,
       2.97102660e-01, 6.04857504e-02, -3.26229811e-01, 2.61813223e-01 ]
WS_POSITIONS: !!opencv-matrix
   rows: 9
   cols: 1
   dt: "3f"
   data: [ 1.51683584e-01, 2.03978151e-01, 1.67546773e+00,
       1.98560998e-01, 2.13299379e-01, 1.64012349e+00, 2.40433365e-01,
       2.20096380e-01, 1.60317588e+00, 1.29587963e-01, 1.61370590e-01,
       1.63830972e+00, 1.74857914e-01, 1.67407662e-01, 1.60033405e+00,
       2.18147606e-01, 1.76690102e-01, 1.56588554e+00, 1.06470302e-01,
       1.19330131e-01, 1.60531926e+00, 1.50646076e-01, 1.26158446e-01,
       1.56730032e+00, 1.97041377e-01, 1.35289580e-01, 1.53173971e+00 ]
MAT_WS2RB: !!opencv-matrix
   rows: 4
   cols: 4
   dt: f
   data: [ 9.99957979e-01, -7.16597447e-03, 5.70096215e-03, 0.,
       7.16231065e-03, 9.99974072e-01, 6.62830775e-04, 0.,
       -5.70556428e-03, -6.21970976e-04, 9.99983430e-01, 0.,
       -1.28776893e-01, -4.59151208e-01, -1.27111411e+00, 1. ]
MAT_RB2WS: !!opencv-matrix
   rows: 4
   cols: 4
   dt: f
   data: [ 9.99958098e-01, 7.16231158e-03, -5.70556521e-03, 0.,
       -7.16597540e-03, 9.99974132e-01, -6.21970976e-04, 0.,
       5.70096262e-03, 6.62830891e-04, 9.99983549e-01, 0.,
       1.32727817e-01, 4.60904241e-01, 1.27007294e+00, 1. ]
