%YAML:1.0
---
RB_POSITIONS: !!opencv-matrix
   rows: 9
   cols: 1
   dt: "3f"
   data: [ -3.13809663e-02, -2.23425671e-01, 3.70357573e-01,
       2.20502838e-02, -2.00945929e-01, 3.56788188e-01, 7.20279813e-02,
       -1.80849910e-01, 3.39342475e-01, -3.12855914e-02, -2.57779360e-01,
       3.20164174e-01, 2.22150087e-02, -2.37964272e-01, 3.03583056e-01,
       7.20463842e-02, -2.16067776e-01, 2.89774686e-01, -3.37215066e-02,
       -2.92560428e-01, 2.73781300e-01, 1.87225863e-02, -2.72165656e-01,
       2.56326944e-01, 7.18108714e-02, -2.49918520e-01, 2.43115917e-01 ]
WS_POSITIONS: !!opencv-matrix
   rows: 9
   cols: 1
   dt: "3f"
   data: [ 7.21491203e-02, 7.91525561e-03, 1.72472477e+00,
       1.25332057e-01, 3.08880154e-02, 1.71100652e+00, 1.75072938e-01,
       5.14449514e-02, 1.69342148e+00, 7.24232942e-02, -2.64389049e-02,
       1.67453241e+00, 1.25691891e-01, -6.13020360e-03, 1.65780222e+00,
       1.75279856e-01, 1.62259918e-02, 1.64385498e+00, 7.01808259e-02,
       -6.12436198e-02, 1.62815750e+00, 1.22385181e-01, -4.03651148e-02,
       1.61055708e+00, 1.75228313e-01, -1.76280811e-02, 1.59719801e+00 ]
MAT_WS2RB: !!opencv-matrix
   rows: 4
   cols: 4
   dt: f
   data: [ 9.99953389e-01, -9.25955828e-03, 2.77528027e-03, 0.,
       9.25943814e-03, 9.99957204e-01, 5.60386179e-05, 0.,
       -2.77568027e-03, -3.03384604e-05, 9.99996245e-01, 0.,
       -9.88127366e-02, -2.30620191e-01, -1.35456145e+00, 1. ]
MAT_RB2WS: !!opencv-matrix
   rows: 4
   cols: 4
   dt: f
   data: [ 9.99953270e-01, 9.25943814e-03, -2.77568004e-03, 0.,
       -9.25955735e-03, 9.99957144e-01, -3.03384586e-05, 0.,
       2.77528004e-03, 5.60386106e-05, 9.99996126e-01, 0.,
       1.00431949e-01, 2.31601134e-01, 1.35427487e+00, 1. ]
