%YAML:1.0
---
RB_POSITIONS: !!opencv-matrix
   rows: 9
   cols: 1
   dt: "3f"
   data: [ 2.05378979e-02, -2.45715037e-01, 4.04277533e-01,
       7.05269948e-02, -2.34953821e-01, 3.73859197e-01, 1.16052739e-01,
       -2.26083249e-01, 3.41610223e-01, 6.37456775e-04, -2.83483207e-01,
       3.60324353e-01, 4.93993312e-02, -2.75484085e-01, 3.27587157e-01,
       9.59775895e-02, -2.64590651e-01, 2.98249394e-01, -2.05984935e-02,
       -3.20925683e-01, 3.21449012e-01, 2.70623490e-02, -3.12156141e-01,
       2.88186491e-01, 7.68118277e-02, -3.01421195e-01, 2.58321971e-01 ]
WS_POSITIONS: !!opencv-matrix
   rows: 9
   cols: 1
   dt: "3f"
   data: [ 1.41712442e-01, 9.52925384e-02, 1.71791995e+00,
       1.91524565e-01, 1.06445096e-01, 1.68735266e+00, 2.36879334e-01,
       1.15682140e-01, 1.65496588e+00, 1.21904008e-01, 5.74937947e-02,
       1.67395151e+00, 1.70498759e-01, 6.58814907e-02, 1.64106333e+00,
       2.16903046e-01, 7.71417692e-02, 1.61158872e+00, 1.00775674e-01,
       2.00008638e-02, 1.63506615e+00, 1.48262605e-01, 2.91529689e-02,
       1.60165834e+00, 1.97837219e-01, 4.02764492e-02, 1.57164550e+00 ]
MAT_WS2RB: !!opencv-matrix
   rows: 4
   cols: 4
   dt: f
   data: [ 9.99972999e-01, -6.47485908e-03, 3.48259392e-03, 0.,
       6.48261281e-03, 9.99976575e-01, -2.21970142e-03, 0.,
       -3.46814026e-03, 2.24221824e-03, 9.99991477e-01, 0.,
       -1.15830466e-01, -3.43939722e-01, -1.31390977e+00, 1. ]
MAT_RB2WS: !!opencv-matrix
   rows: 4
   cols: 4
   dt: f
   data: [ 9.99972999e-01, 6.48261281e-03, -3.46814003e-03, 0.,
       -6.47485955e-03, 9.99976516e-01, 2.24221777e-03, 0.,
       3.48259415e-03, -2.21970165e-03, 9.99991477e-01, 0.,
       1.18176192e-01, 3.41766030e-01, 1.31426811e+00, 1. ]
