%YAML:1.0
---
RB_POSITIONS: !!opencv-matrix
   rows: 9
   cols: 1
   dt: "3f"
   data: [ 9.86534357e-03, -2.48839274e-01, 3.85155201e-01,
       6.24450743e-02, -2.34778419e-01, 3.60968858e-01, 1.10954553e-01,
       -2.22859666e-01, 3.34754735e-01, -2.26709247e-03, -2.87158757e-01,
       3.39693844e-01, 4.95832562e-02, -2.75931746e-01, 3.13173532e-01,
       9.86574888e-02, -2.61951536e-01, 2.89505512e-01, -1.63705125e-02,
       -3.25211972e-01, 2.98018992e-01, 3.43464613e-02, -3.13312739e-01,
       2.70704478e-01, 8.67286623e-02, -2.99292803e-01, 2.47470647e-01 ]
WS_POSITIONS: !!opencv-matrix
   rows: 9
   cols: 1
   dt: "3f"
   data: [ 1.39354989e-01, 1.60718143e-01, 1.67335498e+00,
       1.91760466e-01, 1.75170064e-01, 1.64902139e+00, 2.40101650e-01,
       1.87460601e-01, 1.62266839e+00, 1.27295136e-01, 1.22453123e-01,
       1.62782848e+00, 1.78980276e-01, 1.34073362e-01, 1.60115540e+00,
       2.27882683e-01, 1.48421615e-01, 1.57735240e+00, 1.13276295e-01,
       8.44315886e-02, 1.58609617e+00, 1.63821116e-01, 9.67193097e-02,
       1.55863500e+00, 2.16032714e-01, 1.11126408e-01, 1.53525448e+00 ]
MAT_WS2RB: !!opencv-matrix
   rows: 4
   cols: 4
   dt: f
   data: [ 9.99974847e-01, -6.13659853e-03, 3.58251180e-03, 0.,
       6.14671269e-03, 9.99977231e-01, -2.81921448e-03, 0.,
       -3.56512913e-03, 2.84116389e-03, 9.99989688e-01, 0.,
       -1.24508299e-01, -4.13452864e-01, -1.28822863e+00, 1. ]
MAT_RB2WS: !!opencv-matrix
   rows: 4
   cols: 4
   dt: f
   data: [ 9.99974728e-01, 6.14671223e-03, -3.56512889e-03, 0.,
       -6.13659713e-03, 9.99977112e-01, 2.84116366e-03, 0.,
       3.58251110e-03, -2.81921425e-03, 9.99989629e-01, 0.,
       1.26583040e-01, 4.10576850e-01, 1.28894591e+00, 1. ]
