%YAML:1.0
---
RB_POSITIONS: !!opencv-matrix
   rows: 9
   cols: 1
   dt: "3f"
   data: [ -6.52587414e-03, -3.84098589e-01, 4.57196623e-01,
       4.82095480e-02, -3.77241015e-01, 4.34291452e-01, 9.78271663e-02,
       -3.72705400e-01, 4.07974154e-01, -2.16072351e-02, -4.24267471e-01,
       4.14343297e-01, 3.16903144e-02, -4.20572996e-01, 3.88312101e-01,
       8.25774521e-02, -4.13676679e-01, 3.65905046e-01, -3.87099385e-02,
       -4.63742733e-01, 3.75443965e-01, 1.36562139e-02, -4.59349573e-01,
       3.48721445e-01, 6.77034110e-02, -4.52750415e-01, 3.25928837e-01 ]
WS_POSITIONS: !!opencv-matrix
   rows: 9
   cols: 1
   dt: "3f"
   data: [ 1.31565720e-01, 7.70877153e-02, 1.72758234e+00,
       1.86120450e-01, 8.43232721e-02, 1.70436454e+00, 2.35555142e-01,
       8.91974941e-02, 1.67776513e+00, 1.16533831e-01, 3.67797390e-02,
       1.68484247e+00, 1.69655994e-01, 4.08396237e-02, 1.65850890e+00,
       2.20365107e-01, 4.80865315e-02, 1.63581085e+00, 9.94979143e-02,
       -2.84632994e-03, 1.64606738e+00, 1.51679784e-01, 1.90500030e-03,
       1.61904728e+00, 2.05548808e-01, 8.87727272e-03, 1.59594607e+00 ]
MAT_WS2RB: !!opencv-matrix
   rows: 4
   cols: 4
   dt: f
   data: [ 9.99958217e-01, -7.21888850e-03, 5.62718976e-03, 0.,
       7.21488800e-03, 9.99973834e-01, 7.30969070e-04, 0.,
       -5.63231856e-03, -6.90338842e-04, 9.99984026e-01, 0.,
       -1.28911987e-01, -4.59041893e-01, -1.27115488e+00, 1. ]
MAT_RB2WS: !!opencv-matrix
   rows: 4
   cols: 4
   dt: f
   data: [ 9.99958098e-01, 7.21488660e-03, -5.63231809e-03, 0.,
       -7.21888756e-03, 9.99973714e-01, -6.90338842e-04, 0.,
       5.62718930e-03, 7.30968954e-04, 9.99983907e-01, 0.,
       1.32745832e-01, 4.60889041e-01, 1.27009141e+00, 1. ]
