%YAML:1.0
---
RB_POSITIONS: !!opencv-matrix
   rows: 9
   cols: 1
   dt: "3f"
   data: [ 4.58778739e-02, -2.36642718e-01, 3.89247358e-01,
       9.57149491e-02, -2.22574368e-01, 3.60321432e-01, 1.41761363e-01,
       -2.10634619e-01, 3.29634488e-01, 3.11580673e-02, -2.77406096e-01,
       3.46640289e-01, 8.03641081e-02, -2.66229182e-01, 3.15382183e-01,
       1.27081513e-01, -2.52316147e-01, 2.87727892e-01, 1.48531422e-02,
       -3.17881882e-01, 3.08031321e-01, 6.30307347e-02, -3.06087971e-01,
       2.76502907e-01, 1.12937853e-01, -2.92061865e-01, 2.48490334e-01 ]
WS_POSITIONS: !!opencv-matrix
   rows: 9
   cols: 1
   dt: "3f"
   data: [ 1.19113758e-01, 1.09603461e-02, 1.76086736e+00,
       1.68994829e-01, 2.52726786e-02, 1.73213756e+00, 2.15110227e-01,
       3.74208912e-02, 1.70163655e+00, 1.04915991e-01, -3.00935563e-02,
       1.71836209e+00, 1.54199481e-01, -1.86872426e-02, 1.68730962e+00,
       2.00955570e-01, -4.54785628e-03, 1.65983605e+00, 8.91103297e-02,
       -7.08544627e-02, 1.67984557e+00, 1.37362257e-01, -5.88399284e-02,
       1.64851475e+00, 1.87308952e-01, -4.45653684e-02, 1.62069893e+00 ]
MAT_WS2RB: !!opencv-matrix
   rows: 4
   cols: 4
   dt: f
   data: [ 9.99959409e-01, -7.37797329e-03, -5.17964736e-03, 0.,
       7.40026170e-03, 9.99963343e-01, 4.29721223e-03, 0.,
       5.14775328e-03, -4.33536805e-03, 9.99977350e-01, 0.,
       -8.23766664e-02, -2.39089832e-01, -1.37101018e+00, 1. ]
MAT_RB2WS: !!opencv-matrix
   rows: 4
   cols: 4
   dt: f
   data: [ 9.99959350e-01, 7.40026170e-03, 5.14775328e-03, 0.,
       -7.37797329e-03, 9.99963403e-01, -4.33536805e-03, 0.,
       -5.17964736e-03, 4.29721177e-03, 9.99977350e-01, 0.,
       7.35079646e-02, 2.45582208e-01, 1.37036669e+00, 1. ]
