%YAML:1.0
---
RB_POSITIONS: !!opencv-matrix
   rows: 9
   cols: 1
   dt: "3f"
   data: [ -2.20409036e-03, -2.71556884e-01, 4.14718002e-01,
       4.95776683e-02, -2.58885086e-01, 3.88616264e-01, 9.68604386e-02,
       -2.48266444e-01, 3.59692246e-01, -1.77404583e-02, -3.09392661e-01,
       3.69992316e-01, 3.29079479e-02, -2.99579322e-01, 3.40680212e-01,
       8.11589360e-02, -2.86901146e-01, 3.14968854e-01, -3.50507200e-02,
       -3.46910268e-01, 3.29237133e-01, 1.45437568e-02, -3.36430043e-01,
       2.99536318e-01, 6.59618676e-02, -3.23796809e-01, 2.73306042e-01 ]
WS_POSITIONS: !!opencv-matrix
   rows: 9
   cols: 1
   dt: "3f"
   data: [ 1.27528995e-01, 1.37900412e-01, 1.70295012e+00,
       1.79137349e-01, 1.50962606e-01, 1.67669785e+00, 2.26249367e-01,
       1.61951512e-01, 1.64763379e+00, 1.12065874e-01, 1.00090109e-01,
       1.65817750e+00, 1.62547022e-01, 1.10295586e-01, 1.62871122e+00,
       2.10626066e-01, 1.23341270e-01, 1.60286188e+00, 9.48412195e-02,
       6.25763088e-02, 1.61738265e+00, 1.44262955e-01, 7.34431669e-02,
       1.58753312e+00, 1.95507437e-01, 8.64648968e-02, 1.56115353e+00 ]
MAT_WS2RB: !!opencv-matrix
   rows: 4
   cols: 4
   dt: f
   data: [ 9.99974430e-01, -6.17492385e-03, 3.59481387e-03, 0.,
       6.18464360e-03, 9.99977231e-01, -2.69873906e-03, 0.,
       -3.57806752e-03, 2.72090267e-03, 9.99989927e-01, 0.,
       -1.24489419e-01, -4.13300246e-01, -1.28830123e+00, 1. ]
MAT_RB2WS: !!opencv-matrix
   rows: 4
   cols: 4
   dt: f
   data: [ 9.99974489e-01, 6.18464313e-03, -3.57806752e-03, 0.,
       -6.17492478e-03, 9.99977231e-01, 2.72090267e-03, 0.,
       3.59481410e-03, -2.69873906e-03, 9.99989867e-01, 0.,
       1.26565352e-01, 4.10583973e-01, 1.28896725e+00, 1. ]
