%YAML:1.0
---
RB_POSITIONS: !!opencv-matrix
   rows: 9
   cols: 1
   dt: "3f"
   data: [ 2.54354924e-02, -2.12913767e-01, 3.80341798e-01,
       7.61370435e-02, -2.01665506e-01, 3.51359934e-01, 1.22414790e-01,
       -1.92236647e-01, 3.20449263e-01, 7.02296942e-03, -2.50683248e-01,
       3.36042106e-01, 5.66018671e-02, -2.42194757e-01, 3.04676145e-01,
       1.03926934e-01, -2.30757207e-01, 2.76814848e-01, -1.28334016e-02,
       -2.88139731e-01, 2.96448916e-01, 3.56802270e-02, -2.78875440e-01,
       2.64726192e-01, 8.61370489e-02, -2.67535329e-01, 2.36153826e-01 ]
WS_POSITIONS: !!opencv-matrix
   rows: 9
   cols: 1
   dt: "3f"
   data: [ 1.46307558e-01, 1.28151745e-01, 1.69403946e+00,
       1.96832597e-01, 1.39796302e-01, 1.66490626e+00, 2.42938951e-01,
       1.49597213e-01, 1.63385558e+00, 1.27984554e-01, 9.03660581e-02,
       1.64971650e+00, 1.77396461e-01, 9.92491692e-02, 1.61819673e+00,
       2.24547818e-01, 1.11058474e-01, 1.59019625e+00, 1.08232282e-01,
       5.28731383e-02, 1.61010575e+00, 1.56572655e-01, 6.25258833e-02,
       1.57823479e+00, 2.06853807e-01, 7.42597952e-02, 1.54951203e+00 ]
MAT_WS2RB: !!opencv-matrix
   rows: 4
   cols: 4
   dt: f
   data: [ 9.99972761e-01, -6.49001589e-03, 3.52414302e-03, 0.,
       6.49819802e-03, 9.99976158e-01, -2.31534778e-03, 0.,
       -3.50903254e-03, 2.33818521e-03, 9.99991119e-01, 0.,
       -1.15756400e-01, -3.44073892e-01, -1.31390154e+00, 1. ]
MAT_RB2WS: !!opencv-matrix
   rows: 4
   cols: 4
   dt: f
   data: [ 9.99972701e-01, 6.49819849e-03, -3.50903231e-03, 0.,
       -6.49001589e-03, 9.99976218e-01, 2.33818521e-03, 0.,
       3.52414302e-03, -2.31534778e-03, 9.99991119e-01, 0.,
       1.18150577e-01, 3.41775805e-01, 1.31428826e+00, 1. ]
