%YAML:1.0
---
RB_POSITIONS: !!opencv-matrix
   rows: 9
   cols: 1
   dt: "3f"
   data: [ 1.76160038e-02, -2.39132270e-01, 3.94541264e-01,
       6.43891096e-02, -2.30652496e-01, 3.58860373e-01, 1.06268227e-01,
       -2.24574521e-01, 3.21691513e-01, -4.53281403e-03, -2.82593071e-01,
       3.57889622e-01, 4.08280790e-02, -2.77306110e-01, 3.20379823e-01,
       8.41758400e-02, -2.68757045e-01, 2.85667181e-01, -2.76190564e-02,
       -3.25375497e-01, 3.25800031e-01, 1.66009367e-02, -3.19328606e-01,
       2.87675679e-01, 6.30764514e-02, -3.10852587e-01, 2.52412260e-01 ]
WS_POSITIONS: !!opencv-matrix
   rows: 9
   cols: 1
   dt: "3f"
   data: [ 1.54298574e-01, 2.22144529e-01, 1.66467834e+00,
       2.00806886e-01, 2.30938017e-01, 1.62872827e+00, 2.42430344e-01,
       2.37293571e-01, 1.59131944e+00, 1.32256970e-01, 1.78501368e-01,
       1.62817907e+00, 1.77365825e-01, 1.84090763e-01, 1.59041011e+00,
       2.20453933e-01, 1.92929506e-01, 1.55544758e+00, 1.09298907e-01,
       1.35532767e-01, 1.59624660e+00, 1.53257966e-01, 1.41873434e-01,
       1.55786908e+00, 1.99471086e-01, 1.50661305e-01, 1.52233815e+00 ]
MAT_WS2RB: !!opencv-matrix
   rows: 4
   cols: 4
   dt: f
   data: [ 9.99958038e-01, -7.21223326e-03, 5.65183023e-03, 0.,
       7.20866956e-03, 9.99973774e-01, 6.50629459e-04, 0.,
       -5.65637415e-03, -6.09859999e-04, 9.99983847e-01, 0.,
       -1.28861412e-01, -4.59142923e-01, -1.27112675e+00, 1. ]
MAT_RB2WS: !!opencv-matrix
   rows: 4
   cols: 4
   dt: f
   data: [ 9.99958038e-01, 7.20867002e-03, -5.65637462e-03, 0.,
       -7.21223326e-03, 9.99973834e-01, -6.09859999e-04, 0.,
       5.65182976e-03, 6.50629459e-04, 9.99983788e-01, 0.,
       1.32728741e-01, 4.60886866e-01, 1.27009726e+00, 1. ]
