%YAML:1.0
---
RB_POSITIONS: !!opencv-matrix
   rows: 9
   cols: 1
   dt: "3f"
   data: [ 4.96836752e-03, -2.30553567e-01, 3.90651226e-01,
       5.69835901e-02, -2.17726082e-01, 3.65405917e-01, 1.05083071e-01,
       -2.07046971e-01, 3.37301731e-01, -7.45196640e-03, -2.71840990e-01,
       3.47953171e-01, 4.38960791e-02, -2.61919111e-01, 3.19881469e-01,
       9.25803185e-02, -2.49259710e-01, 2.95014858e-01, -2.17323080e-02,
       -3.12840074e-01, 3.09487343e-01, 2.85998061e-02, -3.02232623e-01,
       2.80604661e-01, 8.05064738e-02, -2.89529771e-01, 2.55706519e-01 ]
WS_POSITIONS: !!opencv-matrix
   rows: 9
   cols: 1
   dt: "3f"
   data: [ 1.12745032e-01, 9.38724959e-04, 1.74579108e+00,
       1.64547890e-01, 1.42108910e-02, 1.72033978e+00, 2.12442517e-01,
       2.53004823e-02, 1.69204533e+00, 1.00513950e-01, -4.04611528e-02,
       1.70314729e+00, 1.51663646e-01, -3.01007200e-02, 1.67487264e+00,
       2.00138628e-01, -1.70253254e-02, 1.64981329e+00, 8.64370912e-02,
       -8.15881118e-02, 1.66474307e+00, 1.36561796e-01, -7.05510229e-02,
       1.63566136e+00, 1.88258559e-01, -5.74043766e-02, 1.61055768e+00 ]
MAT_WS2RB: !!opencv-matrix
   rows: 4
   cols: 4
   dt: f
   data: [ 9.99955058e-01, -8.63555446e-03, 3.93099291e-03, 0.,
       8.63499846e-03, 9.99962807e-01, 1.58330280e-04, 0.,
       -3.93221295e-03, -1.24379047e-04, 9.99992371e-01, 0.,
       -1.00914881e-01, -2.30301499e-01, -1.35556984e+00, 1. ]
MAT_RB2WS: !!opencv-matrix
   rows: 4
   cols: 4
   dt: f
   data: [ 9.99954998e-01, 8.63499846e-03, -3.93221295e-03, 0.,
       -8.63555353e-03, 9.99962687e-01, -1.24379032e-04, 0.,
       3.93099198e-03, 1.58330280e-04, 9.99992251e-01, 0.,
       1.04250267e-01, 2.31378898e-01, 1.35513377e+00, 1. ]
