%YAML:1.0
---
rvec: !!opencv-matrix
   rows: 3
   cols: 1
   dt: d
   data: [ 1.9332533004563797e+00, 6.2779503835036235e-02,
       -6.5354326304102042e-04 ]
tvec: !!opencv-matrix
   rows: 3
   cols: 1
   dt: d
   data: [ 4.6674907926355834e-02, 2.4349364621209074e-01,
       1.1194959503105892e+00 ]
