%YAML:1.0
---
K: !!opencv-matrix
   rows: 3
   cols: 3
   dt: d
   data: [ 4.9031427000000003e+03, 0., 7.2802150600000004e+02, 0.,
       4.8976669499999998e+03, 6.4509995800000002e+02, 0., 0., 1. ]
DistCoeffs: !!opencv-matrix
   rows: 1
   cols: 5
   dt: d
   data: [ 7.7676976699999997e-02, -3.1595135000000001e+00,
       1.8602709999999999e-03, 6.2622624500000001e-03,
       -9.7853785200000001e+00 ]
rvec: !!opencv-matrix
   rows: 3
   cols: 1
   dt: d
   data: [ 1.9304808497357224e+00, 6.3162537032201330e-02,
       -2.2071578964870612e-03 ]
tvec: !!opencv-matrix
   rows: 3
   cols: 1
   dt: d
   data: [ 4.7377254417175878e-02, 2.4473979940917698e-01,
       1.1188070666184560e+00 ]
rb2wsMat: !!opencv-matrix
   rows: 4
   cols: 4
   dt: f
   data: [ 9.86895204e-01, -1.44700125e-01, -7.14127496e-02, 0.,
       1.44661322e-01, 9.89464581e-01, -5.74262161e-03, 0.,
       7.14913383e-02, -4.66329418e-03, 9.97430325e-01, 0.,
       1.29211679e-01, 2.04733565e-01, 1.43346643e+00, 1. ]
imgFile: "D:/Spine Project/SpineNavi/bin/X64_Debug/../../data/Tracking 2023-09-15/test3_139060213727844.png"
