%YAML:1.0
---
K: !!opencv-matrix
   rows: 3
   cols: 3
   dt: d
   data: [ 4.9031427000000003e+03, 0., 7.2802150600000004e+02, 0.,
       4.8976669499999998e+03, 6.4509995800000002e+02, 0., 0., 1. ]
DistCoeffs: !!opencv-matrix
   rows: 1
   cols: 5
   dt: d
   data: [ 7.7676976699999997e-02, -3.1595135000000001e+00,
       1.8602709999999999e-03, 6.2622624500000001e-03,
       -9.7853785200000001e+00 ]
rvec: !!opencv-matrix
   rows: 3
   cols: 1
   dt: d
   data: [ 1.9209890384360597e+00, 6.3270733823427711e-02,
       -5.5461280910059892e-03 ]
tvec: !!opencv-matrix
   rows: 3
   cols: 1
   dt: d
   data: [ 4.8849052009139478e-02, 2.4915442421377404e-01,
       1.1154187181259745e+00 ]
rb2wsMat: !!opencv-matrix
   rows: 4
   cols: 4
   dt: f
   data: [ 9.90431845e-01, -1.15334086e-01, 7.57811144e-02, 0.,
       1.15081914e-01, 9.93326128e-01, 7.70065142e-03, 0.,
       -7.61635080e-02, 1.09406514e-03, 9.97094750e-01, 0.,
       -3.92943136e-02, 2.14904457e-01, 1.38108492e+00, 1. ]
imgFile: "D:/Spine Project/SpineNavi/bin/X64_Debug/../../data/Tracking 2023-09-15/test3_139060213080302.png"
