%YAML:1.0
---
K: !!opencv-matrix
   rows: 3
   cols: 3
   dt: d
   data: [ 4.9031427000000003e+03, 0., 7.2802150600000004e+02, 0.,
       4.8976669499999998e+03, 6.4509995800000002e+02, 0., 0., 1. ]
DistCoeffs: !!opencv-matrix
   rows: 1
   cols: 5
   dt: d
   data: [ 7.7676976699999997e-02, -3.1595135000000001e+00,
       1.8602709999999999e-03, 6.2622624500000001e-03,
       -9.7853785200000001e+00 ]
rvec: !!opencv-matrix
   rows: 3
   cols: 1
   dt: d
   data: [ 1.9437182844539851e+00, 6.1971897105118322e-02,
       3.0318541865627601e-03 ]
tvec: !!opencv-matrix
   rows: 3
   cols: 1
   dt: d
   data: [ 4.4931839649701925e-02, 2.3743063614567339e-01,
       1.1237715898391161e+00 ]
rb2wsMat: !!opencv-matrix
   rows: 4
   cols: 4
   dt: f
   data: [ 9.90283191e-01, -1.16350725e-01, 7.61686340e-02, 0.,
       1.16146266e-01, 9.93206561e-01, 7.12379813e-03, 0.,
       -7.64800534e-02, 1.79212354e-03, 9.97069478e-01, 0.,
       -3.40042524e-02, 2.61002779e-01, 1.36510575e+00, 1. ]
imgFile: "D:/Spine Project/SpineNavi/bin/X64_Debug/../../data/Tracking 2023-09-15/test3_139060213014721.png"
