%YAML:1.0
---
K: !!opencv-matrix
   rows: 3
   cols: 3
   dt: d
   data: [ 4.9031427000000003e+03, 0., 7.2802150600000004e+02, 0.,
       4.8976669499999998e+03, 6.4509995800000002e+02, 0., 0., 1. ]
DistCoeffs: !!opencv-matrix
   rows: 1
   cols: 5
   dt: d
   data: [ 7.7676976699999997e-02, -3.1595135000000001e+00,
       1.8602709999999999e-03, 6.2622624500000001e-03,
       -9.7853785200000001e+00 ]
rvec: !!opencv-matrix
   rows: 3
   cols: 1
   dt: d
   data: [ 1.9443980280183828e+00, 6.1875268736359061e-02,
       2.7859658122034734e-03 ]
tvec: !!opencv-matrix
   rows: 3
   cols: 1
   dt: d
   data: [ 4.5001532835834614e-02, 2.3717824266983228e-01,
       1.1239171117302522e+00 ]
rb2wsMat: !!opencv-matrix
   rows: 4
   cols: 4
   dt: f
   data: [ 9.90273714e-01, -1.16262071e-01, 7.64268711e-02, 0.,
       1.16033442e-01, 9.93217468e-01, 7.44044548e-03, 0.,
       -7.67735466e-02, 1.49999326e-03, 9.97047424e-01, 0.,
       -3.40092443e-02, 2.61006206e-01, 1.36508107e+00, 1. ]
imgFile: "D:/Spine Project/SpineNavi/bin/X64_Debug/../../data/Tracking 2023-09-15/test3_139060213020606.png"
