%YAML:1.0
---
K: !!opencv-matrix
   rows: 3
   cols: 3
   dt: d
   data: [ 4.9031427000000003e+03, 0., 7.2802150600000004e+02, 0.,
       4.8976669499999998e+03, 6.4509995800000002e+02, 0., 0., 1. ]
DistCoeffs: !!opencv-matrix
   rows: 1
   cols: 5
   dt: d
   data: [ 7.7676976699999997e-02, -3.1595135000000001e+00,
       1.8602709999999999e-03, 6.2622624500000001e-03,
       -9.7853785200000001e+00 ]
rvec: !!opencv-matrix
   rows: 3
   cols: 1
   dt: d
   data: [ 1.9445295208949933e+00, 6.1988354927228623e-02,
       2.4845015185598761e-03 ]
tvec: !!opencv-matrix
   rows: 3
   cols: 1
   dt: d
   data: [ 4.5168778998671930e-02, 2.3710497839795211e-01,
       1.1239565738504964e+00 ]
rb2wsMat: !!opencv-matrix
   rows: 4
   cols: 4
   dt: f
   data: [ 9.90285516e-01, -1.16321906e-01, 7.61829019e-02, 0.,
       1.16108686e-01, 9.93210137e-01, 7.23722298e-03, 0.,
       -7.65074790e-02, 1.67857972e-03, 9.97067571e-01, 0.,
       -3.40252705e-02, 2.61002928e-01, 1.36507881e+00, 1. ]
imgFile: "D:/Spine Project/SpineNavi/bin/X64_Debug/../../data/Tracking 2023-09-15/test3_139060213027040.png"
