%YAML:1.0
---
K: !!opencv-matrix
   rows: 3
   cols: 3
   dt: d
   data: [ 4.9031427000000003e+03, 0., 7.2802150600000004e+02, 0.,
       4.8976669499999998e+03, 6.4509995800000002e+02, 0., 0., 1. ]
DistCoeffs: !!opencv-matrix
   rows: 1
   cols: 5
   dt: d
   data: [ 7.7676976699999997e-02, -3.1595135000000001e+00,
       1.8602709999999999e-03, 6.2622624500000001e-03,
       -9.7853785200000001e+00 ]
rvec: !!opencv-matrix
   rows: 3
   cols: 1
   dt: d
   data: [ 1.9209890384360597e+00, 6.3270733823427711e-02,
       -5.5461280910059892e-03 ]
tvec: !!opencv-matrix
   rows: 3
   cols: 1
   dt: d
   data: [ 4.8849052009139478e-02, 2.4915442421377404e-01,
       1.1154187181259745e+00 ]
rb2wsMat: !!opencv-matrix
   rows: 4
   cols: 4
   dt: f
   data: [ 2.07161009e-01, 9.00187671e-01, -3.83075446e-01, 0.,
       -8.96048486e-01, 3.31754148e-01, 2.95019418e-01, 0.,
       3.92659754e-01, 2.82137543e-01, 8.75338078e-01, 0.,
       -6.07437849e-01, -6.17473684e-02, 1.53911734e+00, 1. ]
imgFile: "D:/Spine Project/SpineNavi/bin/X64_Debug/../../data/Tracking 2023-09-15/test2_139060213483423.png"
