%YAML:1.0
---
K: !!opencv-matrix
   rows: 3
   cols: 3
   dt: d
   data: [ 4.9031427000000003e+03, 0., 7.2802150600000004e+02, 0.,
       4.8976669499999998e+03, 6.4509995800000002e+02, 0., 0., 1. ]
DistCoeffs: !!opencv-matrix
   rows: 1
   cols: 5
   dt: d
   data: [ 7.7676976699999997e-02, -3.1595135000000001e+00,
       1.8602709999999999e-03, 6.2622624500000001e-03,
       -9.7853785200000001e+00 ]
rvec: !!opencv-matrix
   rows: 3
   cols: 1
   dt: d
   data: [ 1.9332533004563797e+00, 6.2779503835036235e-02,
       -6.5354326304102042e-04 ]
tvec: !!opencv-matrix
   rows: 3
   cols: 1
   dt: d
   data: [ 4.6674907926355834e-02, 2.4349364621209074e-01,
       1.1194959503105892e+00 ]
rb2wsMat: !!opencv-matrix
   rows: 4
   cols: 4
   dt: f
   data: [ 1.10820413e-01, 9.16826367e-01, -3.83599043e-01, 0.,
       -9.04739499e-01, 2.52802134e-01, 3.42837334e-01, 0.,
       4.11296964e-01, 3.09063852e-01, 8.57504725e-01, 0.,
       -5.53324163e-01, -2.10198984e-01, 1.64028478e+00, 1. ]
imgFile: "D:/Spine Project/SpineNavi/bin/X64_Debug/../../data/Tracking 2023-09-15/test2_139061317856222.png"
