%YAML:1.0
---
RB_POSITIONS: !!opencv-matrix
   rows: 9
   cols: 1
   dt: "3f"
   data: [ -1.41450688e-02, -3.35358113e-01, 2.54398733e-01,
       2.29406655e-02, -3.07138264e-01, 2.91528404e-01, 6.19496927e-02,
       -2.81678349e-01, 3.22650671e-01, 3.22631001e-02, -3.65843087e-01,
       2.29079887e-01, 7.20924884e-02, -3.39958578e-01, 2.64276683e-01,
       1.07434191e-01, -3.12884599e-01, 2.98166275e-01, 7.41292015e-02,
       -3.97311509e-01, 2.03280360e-01, 1.14189580e-01, -3.71152282e-01,
       2.37784505e-01, 1.50440723e-01, -3.45107645e-01, 2.71014065e-01 ]
WS_POSITIONS: !!opencv-matrix
   rows: 9
   cols: 1
   dt: "3f"
   data: [ -1.18731260e-01, -2.16589570e-01, 1.66541255e+00,
       -8.16507116e-02, -1.88367739e-01, 1.70254588e+00, -4.26461287e-02,
       -1.62905723e-01, 1.73367202e+00, -7.23189041e-02, -2.47071713e-01,
       1.64009798e+00, -3.24943736e-02, -2.21185073e-01, 1.67529869e+00,
       2.84251501e-03, -1.94109216e-01, 1.70919180e+00, -3.04485243e-02,
       -2.78537571e-01, 1.61430228e+00, 9.60704312e-03, -2.52376199e-01,
       1.64881039e+00, 4.58535142e-02, -2.26329640e-01, 1.68204355e+00 ]
MAT_WS2RB: !!opencv-matrix
   rows: 4
   cols: 4
   dt: f
   data: [ 1., -5.79231892e-05, -9.54985007e-05, 0., 5.79227017e-05, 1.,
       -5.06055676e-06, 0., 9.54987918e-05, 5.05502521e-06, 1., 0.,
       1.04439691e-01, -1.18783854e-01, -1.41102624e+00, 1. ]
MAT_RB2WS: !!opencv-matrix
   rows: 4
   cols: 4
   dt: f
   data: [ 1., 5.79227053e-05, 9.54987918e-05, 0., -5.79231855e-05, 1.,
       5.05502521e-06, 0., -9.54985007e-05, -5.06055676e-06, 1., 0.,
       -1.04581319e-01, 1.18770666e-01, 1.41101682e+00, 1. ]
