%YAML:1.0
---
RB_POSITIONS: !!opencv-matrix
   rows: 9
   cols: 1
   dt: "3f"
   data: [ -1.40198097e-02, -3.42241734e-01, 2.55666405e-01,
       2.30472982e-02, -3.13999504e-01, 2.92772800e-01, 6.20535873e-02,
       -2.88543701e-01, 3.23996007e-01, 3.23904082e-02, -3.72746527e-01,
       2.30472580e-01, 7.22175390e-02, -3.46850336e-01, 2.65620351e-01,
       1.07545219e-01, -3.19765806e-01, 2.99502194e-01, 7.42568970e-02,
       -4.04210925e-01, 2.04586387e-01, 1.14313290e-01, -3.78049314e-01,
       2.39126354e-01, 1.50559634e-01, -3.52013767e-01, 2.72440553e-01 ]
WS_POSITIONS: !!opencv-matrix
   rows: 9
   cols: 1
   dt: "3f"
   data: [ -1.18728034e-01, -2.16590062e-01, 1.66538978e+00,
       -8.16587135e-02, -1.88357309e-01, 1.70250118e+00, -4.26507033e-02,
       -1.62908792e-01, 1.73372817e+00, -7.23183304e-02, -2.47082129e-01,
       1.64017963e+00, -3.24890316e-02, -2.21194491e-01, 1.67533123e+00,
       2.84056040e-03, -1.94118485e-01, 1.70921791e+00, -3.04523576e-02,
       -2.78534025e-01, 1.61427736e+00, 9.60610621e-03, -2.52380729e-01,
       1.64882123e+00, 4.58543785e-02, -2.26353407e-01, 1.68213975e+00 ]
MAT_WS2RB: !!opencv-matrix
   rows: 4
   cols: 4
   dt: f
   data: [ 1., -8.76213817e-05, 1.26461891e-04, 0., 8.76647537e-05,
       9.99999940e-01, -3.42972198e-04, 0., -1.26431842e-04,
       3.42983316e-04, 9.99999940e-01, 0., 1.04937769e-01,
       -1.26233295e-01, -1.40978253e+00, 1. ]
MAT_RB2WS: !!opencv-matrix
   rows: 4
   cols: 4
   dt: f
   data: [ 1., 8.76647537e-05, -1.26431842e-04, 0., -8.76213890e-05,
       9.99999940e-01, 3.42983287e-04, 0., 1.26461906e-04,
       -3.42972227e-04, 9.99999940e-01, 0., -1.04770541e-01,
       1.25740573e-01, 1.40983903e+00, 1. ]
