%YAML:1.0
---
RB_POSITIONS: !!opencv-matrix
   rows: 9
   cols: 1
   dt: "3f"
   data: [ -1.33176818e-02, -3.68098140e-01, 2.60192573e-01,
       2.37754583e-02, -3.39831173e-01, 2.97207355e-01, 6.27781749e-02,
       -3.14361811e-01, 3.28391433e-01, 3.30885872e-02, -3.98618221e-01,
       2.34923020e-01, 7.29229450e-02, -3.72704864e-01, 2.70055443e-01,
       1.08268559e-01, -3.45592469e-01, 3.03906947e-01, 7.49580488e-02,
       -4.30111229e-01, 2.09154174e-01, 1.15012169e-01, -4.03919816e-01,
       2.43571147e-01, 1.51264310e-01, -3.77867401e-01, 2.76878297e-01 ]
WS_POSITIONS: !!opencv-matrix
   rows: 9
   cols: 1
   dt: "3f"
   data: [ -1.18739195e-01, -2.16618344e-01, 1.66547275e+00,
       -8.16540271e-02, -1.88381180e-01, 1.70251822e+00, -4.26583625e-02,
       -1.62935346e-01, 1.73373032e+00, -7.23252073e-02, -2.47103482e-01,
       1.64017522e+00, -3.24982218e-02, -2.21217453e-01, 1.67533612e+00,
       2.83985189e-03, -1.94132015e-01, 1.70921707e+00, -3.04477774e-02,
       -2.78561950e-01, 1.61437702e+00, 9.59895086e-03, -2.52397120e-01,
       1.64882290e+00, 4.58437949e-02, -2.26370916e-01, 1.68215847e+00 ]
MAT_WS2RB: !!opencv-matrix
   rows: 4
   cols: 4
   dt: f
   data: [ 9.99999940e-01, -2.03745774e-04, -5.97176659e-05, 0.,
       2.03685428e-04, 9.99999464e-01, -1.00869825e-03, 0.,
       5.99231498e-05, 1.00868603e-03, 9.99999523e-01, 0.,
       1.05365828e-01, -1.53184041e-01, -1.40550494e+00, 1. ]
MAT_RB2WS: !!opencv-matrix
   rows: 4
   cols: 4
   dt: f
   data: [ 1., 2.03685442e-04, 5.99231535e-05, 0., -2.03745774e-04,
       9.99999464e-01, 1.00868603e-03, 0., -5.97176659e-05,
       -1.00869813e-03, 9.99999464e-01, 0., -1.05480976e-01,
       1.51744768e-01, 1.40565240e+00, 1. ]
