%YAML:1.0
---
q_cArmRb: !!opencv-matrix
   rows: 1
   cols: 4
   dt: f
   data: [ 7.24193394e-01, 6.89245582e-01, 2.20130831e-02,
       3.06217146e+00 ]
rot_cArmRb: !!opencv-matrix
   rows: 1
   cols: 3
   dt: f
   data: [ 7.24193394e-01, 6.89245582e-01, 2.20130831e-02 ]
rotDeg_cArmRb: 3.0621714591979980e+00
mat_rb2ws: !!opencv-matrix
   rows: 4
   cols: 4
   dt: f
   data: [ 5.04111648e-02, 9.98467326e-01, -2.28499658e-02, 0.,
       9.94974315e-01, -4.82262969e-02, 8.77528712e-02, 0.,
       8.65163803e-02, -2.71588415e-02, -9.95880187e-01, 0.,
       1.07943751e-01, 5.79107165e-01, -5.39314985e-01, 1. ]
mat_ws2rb: !!opencv-matrix
   rows: 4
   cols: 4
   dt: f
   data: [ 5.04108667e-02, 9.94974196e-01, 8.65163803e-02, 0.,
       9.98467028e-01, -4.82265726e-02, -2.71588489e-02, 0.,
       -2.28499807e-02, 8.77528712e-02, -9.95880246e-01, 0.,
       -5.95984340e-01, -3.21464501e-02, -5.30704141e-01, 1. ]
t_cArmRb: !!opencv-matrix
   rows: 1
   cols: 3
   dt: f
   data: [ 1.07943751e-01, 5.79107165e-01, -5.39314985e-01 ]
rbMSE_cArmRb: 9.6947443671524525e-04
rbMSE_calibRb: 1.0892244754359126e-03
rbMarkers_calibRb: !!opencv-matrix
   rows: 7
   cols: 3
   dt: f
   data: [ 7.80293941e-02, 2.66138911e-01, -4.18089807e-01,
       -1.65624991e-02, 2.46639043e-01, -4.63183254e-01, 1.44616570e-02,
       2.79154420e-01, -4.08088803e-01, 9.34172273e-02, 2.92070717e-01,
       -3.77950162e-01, 4.60062996e-02, 3.03020209e-01, -3.66689682e-01,
       -1.78035181e-02, 3.06410819e-01, -3.69473755e-01, 7.84217641e-02,
       2.41095141e-01, -4.58349049e-01 ]
wsMarkers_calibRb: !!opencv-matrix
   rows: 7
   cols: 3
   dt: f
   data: [ 7.81020597e-02, 2.66261101e-01, -4.17876393e-01,
       -1.66536756e-02, 2.46654272e-01, -4.63319719e-01, 1.45576401e-02,
       2.78984755e-01, -4.07551467e-01, 9.35306624e-02, 2.92206079e-01,
       -3.78773034e-01, 4.58139665e-02, 3.02906424e-01, -3.66390586e-01,
       -1.78484283e-02, 3.06443959e-01, -3.69521052e-01, 7.84112215e-02,
       2.40909427e-01, -4.58046615e-01 ]
