%YAML:1.0
---
q_cArmRb: !!opencv-matrix
   rows: 1
   cols: 4
   dt: f
   data: [ 6.58243835e-01, 7.52271175e-01, 2.83427574e-02,
       3.04108119e+00 ]
rot_cArmRb: !!opencv-matrix
   rows: 1
   cols: 3
   dt: f
   data: [ 6.58243835e-01, 7.52271175e-01, 2.83427574e-02 ]
rotDeg_cArmRb: 3.0410811901092529e+00
mat_rb2ws: !!opencv-matrix
   rows: 4
   cols: 4
   dt: f
   data: [ -1.30570114e-01, 9.90700245e-01, -3.82658988e-02, 0.,
       9.85012293e-01, 1.34014308e-01, 1.08584955e-01, 0.,
       1.12703338e-01, -2.35144459e-02, -9.93350387e-01, 0.,
       4.54179943e-02, 6.14101708e-01, -5.72017670e-01, 1. ]
mat_ws2rb: !!opencv-matrix
   rows: 4
   cols: 4
   dt: f
   data: [ -1.30569875e-01, 9.85012472e-01, 1.12703346e-01, 0.,
       9.90700483e-01, 1.34014592e-01, -2.35144347e-02, 0.,
       -3.82658839e-02, 1.08584963e-01, -9.93350387e-01, 0.,
       -6.24349475e-01, -6.49233684e-02, -5.58892488e-01, 1. ]
t_cArmRb: !!opencv-matrix
   rows: 1
   cols: 3
   dt: f
   data: [ 4.54179943e-02, 6.14101708e-01, -5.72017670e-01 ]
rbMSE_cArmRb: 9.4256777083501220e-04
rbMSE_calibRb: 1.0946965776383877e-03
rbMarkers_calibRb: !!opencv-matrix
   rows: 7
   cols: 3
   dt: f
   data: [ 7.80580714e-02, 2.66115725e-01, -4.18136984e-01,
       -1.65491700e-02, 2.46669203e-01, -4.63224024e-01, 1.44983539e-02,
       2.79167026e-01, -4.08128470e-01, 9.34638456e-02, 2.92037547e-01,
       -3.77999246e-01, 4.60602641e-02, 3.03013384e-01, -3.66734326e-01,
       -1.77480802e-02, 3.06438297e-01, -3.69509846e-01, 7.84327313e-02,
       2.41073921e-01, -4.58399683e-01 ]
wsMarkers_calibRb: !!opencv-matrix
   rows: 7
   cols: 3
   dt: f
   data: [ 7.81341642e-02, 2.66224593e-01, -4.17881787e-01,
       -1.66381169e-02, 2.46672213e-01, -4.63344753e-01, 1.45851402e-02,
       2.78995663e-01, -4.07579154e-01, 9.35893059e-02, 2.92180747e-01,
       -3.78860712e-01, 4.58694249e-02, 3.02891940e-01, -3.66430163e-01,
       -1.78028569e-02, 3.06477010e-01, -3.69554788e-01, 7.84191117e-02,
       2.40890950e-01, -4.58087176e-01 ]
