%YAML:1.0
---
q_cArmRb: !!opencv-matrix
   rows: 1
   cols: 4
   dt: f
   data: [ 7.23544359e-01, 6.89882219e-01, 2.33709347e-02,
       3.06499863e+00 ]
rot_cArmRb: !!opencv-matrix
   rows: 1
   cols: 3
   dt: f
   data: [ 7.23544359e-01, 6.89882219e-01, 2.33709347e-02 ]
rotDeg_cArmRb: 3.0649986267089844e+00
mat_rb2ws: !!opencv-matrix
   rows: 4
   cols: 4
   dt: f
   data: [ 4.84299064e-02, 9.98645604e-01, -1.90189667e-02, 0.,
       9.95069027e-01, -4.65885401e-02, 8.75641182e-02, 0.,
       8.65594447e-02, -2.31658891e-02, -9.95977283e-01, 0.,
       1.22459300e-01, 4.67080891e-01, -5.23549914e-01, 1. ]
mat_ws2rb: !!opencv-matrix
   rows: 4
   cols: 4
   dt: f
   data: [ 4.84296195e-02, 9.95068669e-01, 8.65594298e-02, 0.,
       9.98645425e-01, -4.65888008e-02, -2.31659003e-02, 0.,
       -1.90189779e-02, 8.75641108e-02, -9.95977342e-01, 0.,
       -4.82336223e-01, -5.42504974e-02, -5.21223545e-01, 1. ]
t_cArmRb: !!opencv-matrix
   rows: 1
   cols: 3
   dt: f
   data: [ 1.22459300e-01, 4.67080891e-01, -5.23549914e-01 ]
rbMSE_cArmRb: 1.0571612510830164e-03
rbMSE_calibRb: 1.1005544802173972e-03
rbMarkers_calibRb: !!opencv-matrix
   rows: 7
   cols: 3
   dt: f
   data: [ 7.81053603e-02, 2.66107500e-01, -4.18363154e-01,
       -1.65261626e-02, 2.46772587e-01, -4.63446975e-01, 1.45604685e-02,
       2.79225081e-01, -4.08347219e-01, 9.35420766e-02, 2.92003959e-01,
       -3.78220618e-01, 4.61510979e-02, 3.03028971e-01, -3.66950303e-01,
       -1.76536366e-02, 3.06522816e-01, -3.69720131e-01, 7.84499571e-02,
       2.41073936e-01, -4.58631277e-01 ]
wsMarkers_calibRb: !!opencv-matrix
   rows: 7
   cols: 3
   dt: f
   data: [ 7.81816095e-02, 2.66203523e-01, -4.18068051e-01,
       -1.66156515e-02, 2.46769905e-01, -4.63542968e-01, 1.46441236e-02,
       2.79025912e-01, -4.07719165e-01, 9.36845392e-02, 2.92205304e-01,
       -3.79260153e-01, 4.59534191e-02, 3.02894980e-01, -3.66625100e-01,
       -1.77213661e-02, 3.06567669e-01, -3.69773448e-01, 7.84353986e-02,
       2.40865871e-01, -4.58257347e-01 ]
