%YAML:1.0
---
q_cArmRb: !!opencv-matrix
   rows: 1
   cols: 4
   dt: f
   data: [ 7.16888368e-01, 6.78253949e-01, -1.61377460e-01,
       2.74091578e+00 ]
rot_cArmRb: !!opencv-matrix
   rows: 1
   cols: 3
   dt: f
   data: [ 7.16888368e-01, 6.78253949e-01, -1.61377460e-01 ]
rotDeg_cArmRb: 2.7409157752990723e+00
mat_rb2ws: !!opencv-matrix
   rows: 4
   cols: 4
   dt: f
   data: [ 6.63560629e-02, 8.71009767e-01, -4.86763597e-01, 0.,
       9.96897697e-01, -3.71758938e-02, 6.93756938e-02, 0.,
       4.23310250e-02, -4.89857018e-01, -8.70774448e-01, 0.,
       1.25769243e-01, 6.02417231e-01, -7.51329541e-01, 1. ]
mat_ws2rb: !!opencv-matrix
   rows: 4
   cols: 4
   dt: f
   data: [ 6.63559958e-02, 9.96897757e-01, 4.23310362e-02, 0.,
       8.71009886e-01, -3.71759646e-02, -4.89857078e-01, 0.,
       -4.86763716e-01, 6.93757311e-02, -8.70774627e-01, 0.,
       -8.98776829e-01, -5.08595966e-02, -3.64464313e-01, 1. ]
t_cArmRb: !!opencv-matrix
   rows: 1
   cols: 3
   dt: f
   data: [ 1.25769243e-01, 6.02417231e-01, -7.51329541e-01 ]
rbMSE_cArmRb: 8.4318639710545540e-04
rbMSE_calibRb: 1.0988976573571563e-03
rbMarkers_calibRb: !!opencv-matrix
   rows: 7
   cols: 3
   dt: f
   data: [ 7.80950338e-02, 2.66114622e-01, -4.18347925e-01,
       -1.65276006e-02, 2.46789515e-01, -4.63454664e-01, 1.45476069e-02,
       2.79223889e-01, -4.08337444e-01, 9.35232714e-02, 2.91997403e-01,
       -3.78193468e-01, 4.61297631e-02, 3.03014666e-01, -3.66926491e-01,
       -1.76749025e-02, 3.06505114e-01, -3.69705737e-01, 7.84481987e-02,
       2.41096109e-01, -4.58625436e-01 ]
wsMarkers_calibRb: !!opencv-matrix
   rows: 7
   cols: 3
   dt: f
   data: [ 7.81702176e-02, 2.66205966e-01, -4.18037504e-01,
       -1.66120362e-02, 2.46788085e-01, -4.63555515e-01, 1.46292839e-02,
       2.79034168e-01, -4.07722443e-01, 9.36652496e-02, 2.92203486e-01,
       -3.79246026e-01, 4.59324457e-02, 3.02880883e-01, -3.66608143e-01,
       -1.77409369e-02, 3.06544483e-01, -3.69750112e-01, 7.84314647e-02,
       2.40888998e-01, -4.58256304e-01 ]
