%YAML:1.0
---
q_cArmRb: !!opencv-matrix
   rows: 1
   cols: 4
   dt: f
   data: [ 7.23288000e-01, 6.90225899e-01, 2.10463144e-02,
       3.06309342e+00 ]
rot_cArmRb: !!opencv-matrix
   rows: 1
   cols: 3
   dt: f
   data: [ 7.23288000e-01, 6.90225899e-01, 2.10463144e-02 ]
rotDeg_cArmRb: 3.0630934238433838e+00
mat_rb2ws: !!opencv-matrix
   rows: 4
   cols: 4
   dt: f
   data: [ 4.77593541e-02, 9.98577178e-01, -2.37283558e-02, 0.,
       9.95276272e-01, -4.55641747e-02, 8.57279375e-02, 0.,
       8.45247805e-02, -2.77105700e-02, -9.96035993e-01, 0.,
       5.27718440e-02, 4.72579032e-01, -5.26402533e-01, 1. ]
mat_ws2rb: !!opencv-matrix
   rows: 4
   cols: 4
   dt: f
   data: [ 4.77591082e-02, 9.95275974e-01, 8.45247731e-02, 0.,
       9.98576760e-01, -4.55643870e-02, -2.77105700e-02, 0.,
       -2.37283614e-02, 8.57279226e-02, -9.96035933e-01, 0.,
       -4.86917436e-01, 1.41376201e-02, -5.15680969e-01, 1. ]
t_cArmRb: !!opencv-matrix
   rows: 1
   cols: 3
   dt: f
   data: [ 5.27718440e-02, 4.72579032e-01, -5.26402533e-01 ]
rbMSE_cArmRb: 1.0412896517664194e-03
rbMSE_calibRb: 1.0657518869265914e-03
rbMarkers_calibRb: !!opencv-matrix
   rows: 7
   cols: 3
   dt: f
   data: [ 7.81682059e-02, 2.66193718e-01, -4.18830454e-01,
       -1.64576415e-02, 2.46853903e-01, -4.63923454e-01, 1.46220159e-02,
       2.79312998e-01, -4.08824503e-01, 9.35996845e-02, 2.92095304e-01,
       -3.78689349e-01, 4.62075621e-02, 3.03121656e-01, -3.67426068e-01,
       -1.75968837e-02, 3.06615263e-01, -3.70204479e-01, 7.85178617e-02,
       2.41155446e-01, -4.59095359e-01 ]
wsMarkers_calibRb: !!opencv-matrix
   rows: 7
   cols: 3
   dt: f
   data: [ 7.82477707e-02, 2.66348213e-01, -4.18718427e-01,
       -1.65024456e-02, 2.46922225e-01, -4.64203805e-01, 1.47219719e-02,
       2.79129595e-01, -4.08270508e-01, 9.37401801e-02, 2.92328715e-01,
       -3.79811734e-01, 4.60095964e-02, 3.02990735e-01, -3.67095590e-01,
       -1.76409557e-02, 3.06648999e-01, -3.70222837e-01, 7.85085931e-02,
       2.41038278e-01, -4.58974600e-01 ]
