%YAML:1.0
---
q_cArmRb: !!opencv-matrix
   rows: 1
   cols: 4
   dt: f
   data: [ 5.92451215e-01, 8.05062771e-01, 2.95895133e-02,
       3.02756643e+00 ]
rot_cArmRb: !!opencv-matrix
   rows: 1
   cols: 3
   dt: f
   data: [ 5.92451215e-01, 8.05062771e-01, 2.95895133e-02 ]
rotDeg_cArmRb: 3.0275664329528809e+00
mat_rb2ws: !!opencv-matrix
   rows: 4
   cols: 4
   dt: f
   data: [ -2.93788552e-01, 9.54190135e-01, -5.66526204e-02, 0.,
       9.47456837e-01, 2.98537135e-01, 1.14896804e-01, 0.,
       1.26546308e-01, -1.99205354e-02, -9.91760671e-01, 0.,
       -1.47020221e-02, 6.26306355e-01, -5.73320031e-01, 1. ]
mat_ws2rb: !!opencv-matrix
   rows: 4
   cols: 4
   dt: f
   data: [ -2.93788552e-01, 9.47456658e-01, 1.26546293e-01, 0.,
       9.54190075e-01, 2.98537076e-01, -1.99205447e-02, 0.,
       -5.66526130e-02, 1.14896804e-01, -9.91760671e-01, 0.,
       -6.34414732e-01, -1.07173502e-01, -5.54259360e-01, 1. ]
t_cArmRb: !!opencv-matrix
   rows: 1
   cols: 3
   dt: f
   data: [ -1.47020221e-02, 6.26306355e-01, -5.73320031e-01 ]
rbMSE_cArmRb: 9.6131634199991822e-04
rbMSE_calibRb: 1.0948224226012826e-03
rbMarkers_calibRb: !!opencv-matrix
   rows: 7
   cols: 3
   dt: f
   data: [ 7.80628473e-02, 2.66119152e-01, -4.18146580e-01,
       -1.65458471e-02, 2.46674180e-01, -4.63231057e-01, 1.45037752e-02,
       2.79173106e-01, -4.08137411e-01, 9.34702456e-02, 2.92041898e-01,
       -3.78010184e-01, 4.60672975e-02, 3.03019971e-01, -3.66745055e-01,
       -1.77409779e-02, 3.06446850e-01, -3.69519234e-01, 7.84359500e-02,
       2.41076022e-01, -4.58408713e-01 ]
wsMarkers_calibRb: !!opencv-matrix
   rows: 7
   cols: 3
   dt: f
   data: [ 7.81384408e-02, 2.66226232e-01, -4.17885840e-01,
       -1.66345090e-02, 2.46677637e-01, -4.63354498e-01, 1.45904692e-02,
       2.79002577e-01, -4.07589316e-01, 9.35976803e-02, 2.92191029e-01,
       -3.78891230e-01, 4.58754040e-02, 3.02897334e-01, -3.66439790e-01,
       -1.77969430e-02, 3.06486011e-01, -3.69563818e-01, 7.84214959e-02,
       2.40888074e-01, -4.58080947e-01 ]
