%YAML:1.0
---
q_cArmRb: !!opencv-matrix
   rows: 1
   cols: 4
   dt: f
   data: [ 7.23857701e-01, 6.89289868e-01, 3.01605538e-02,
       3.07673883e+00 ]
rot_cArmRb: !!opencv-matrix
   rows: 1
   cols: 3
   dt: f
   data: [ 7.23857701e-01, 6.89289868e-01, 3.01605538e-02 ]
rotDeg_cArmRb: 3.0767388343811035e+00
mat_rb2ws: !!opencv-matrix
   rows: 4
   cols: 4
   dt: f
   data: [ 4.89406586e-02, 9.98801351e-01, -1.05375051e-03, 0.,
       9.94891942e-01, -4.86555696e-02, 8.84470642e-02, 0.,
       8.82897526e-02, -5.37701324e-03, -9.96080339e-01, 0.,
       1.21266790e-01, 5.88988364e-01, -5.92568457e-01, 1. ]
mat_ws2rb: !!opencv-matrix
   rows: 4
   cols: 4
   dt: f
   data: [ 4.89404202e-02, 9.94891703e-01, 8.82897526e-02, 0.,
       9.98800933e-01, -4.86557744e-02, -5.37702348e-03, 0.,
       -1.05375855e-03, 8.84470493e-02, -9.96080339e-01, 0.,
       -5.94841361e-01, -3.95787060e-02, -5.97785294e-01, 1. ]
t_cArmRb: !!opencv-matrix
   rows: 1
   cols: 3
   dt: f
   data: [ 1.21266790e-01, 5.88988364e-01, -5.92568457e-01 ]
rbMSE_cArmRb: 8.9152198052033782e-04
rbMSE_calibRb: 1.0684487642720342e-03
rbMarkers_calibRb: !!opencv-matrix
   rows: 7
   cols: 3
   dt: f
   data: [ 7.80381113e-02, 2.65979946e-01, -4.17648941e-01,
       -1.65237971e-02, 2.46602923e-01, -4.62860674e-01, 1.45177310e-02,
       2.79474139e-01, -4.07984108e-01, 9.34519097e-02, 2.92212784e-01,
       -3.77716780e-01, 4.60718758e-02, 3.03556621e-01, -3.66720587e-01,
       -1.77072641e-02, 3.07300061e-01, -3.69744658e-01, 7.84095973e-02,
       2.40539938e-01, -4.57661510e-01 ]
wsMarkers_calibRb: !!opencv-matrix
   rows: 7
   cols: 3
   dt: f
   data: [ 7.81518593e-02, 2.66234577e-01, -4.17922765e-01,
       -1.66295618e-02, 2.46685907e-01, -4.63377148e-01, 1.46034257e-02,
       2.79012382e-01, -4.07595217e-01, 9.36212167e-02, 2.92220354e-01,
       -3.78999203e-01, 4.60718758e-02, 3.03556621e-01, -3.66720587e-01,
       -1.77072641e-02, 3.07300061e-01, -3.69744658e-01, 7.84292445e-02,
       2.40882367e-01, -4.58096415e-01 ]
