%YAML:1.0
---
q_cArmRb: !!opencv-matrix
   rows: 1
   cols: 4
   dt: f
   data: [ 7.23984957e-01, 6.89387619e-01, 2.43021660e-02,
       3.06118298e+00 ]
rot_cArmRb: !!opencv-matrix
   rows: 1
   cols: 3
   dt: f
   data: [ 7.23984957e-01, 6.89387619e-01, 2.43021660e-02 ]
rotDeg_cArmRb: 3.0611829757690430e+00
mat_rb2ws: !!opencv-matrix
   rows: 4
   cols: 4
   dt: f
   data: [ 4.98459935e-02, 9.98551965e-01, -2.02417634e-02, 0.,
       9.94647861e-01, -4.77938652e-02, 9.16057751e-02, 0.,
       9.05056745e-02, -2.46995911e-02, -9.95589614e-01, 0.,
       1.10384315e-01, 4.73925442e-01, -5.69831431e-01, 1. ]
mat_ws2rb: !!opencv-matrix
   rows: 4
   cols: 4
   dt: f
   data: [ 4.98456843e-02, 9.94647563e-01, 9.05056596e-02, 0.,
       9.98551548e-01, -4.77941409e-02, -2.46995986e-02, 0.,
       -2.02417709e-02, 9.16057676e-02, -9.95589554e-01, 0.,
       -4.90275562e-01, -3.49427946e-02, -5.65602899e-01, 1. ]
t_cArmRb: !!opencv-matrix
   rows: 1
   cols: 3
   dt: f
   data: [ 1.10384315e-01, 4.73925442e-01, -5.69831431e-01 ]
rbMSE_cArmRb: 9.6924026729539037e-04
rbMSE_calibRb: 1.0992289753630757e-03
rbMarkers_calibRb: !!opencv-matrix
   rows: 7
   cols: 3
   dt: f
   data: [ 7.80975223e-02, 2.66117573e-01, -4.18351859e-01,
       -1.65266674e-02, 2.46787921e-01, -4.63453233e-01, 1.45503469e-02,
       2.79225916e-01, -4.08339351e-01, 9.35272202e-02, 2.92003244e-01,
       -3.78199846e-01, 4.61339578e-02, 3.03019792e-01, -3.66931438e-01,
       -1.76709555e-02, 3.06508541e-01, -3.69707495e-01, 7.84495175e-02,
       2.41096810e-01, -4.58628148e-01 ]
wsMarkers_calibRb: !!opencv-matrix
   rows: 7
   cols: 3
   dt: f
   data: [ 7.81736746e-02, 2.66210526e-01, -4.18049663e-01,
       -1.66123230e-02, 2.46793628e-01, -4.63563800e-01, 1.46299060e-02,
       2.79019117e-01, -4.07701910e-01, 9.36696976e-02, 2.92207509e-01,
       -3.79248828e-01, 4.59367298e-02, 3.02891076e-01, -3.66609484e-01,
       -1.77374259e-02, 3.06549996e-01, -3.69752795e-01, 7.84341395e-02,
       2.40888566e-01, -4.58254069e-01 ]
