%YAML:1.0
---
q_cArmRb: !!opencv-matrix
   rows: 1
   cols: 4
   dt: f
   data: [ 6.24788523e-01, 7.80260205e-01, 2.88667046e-02,
       3.03709173e+00 ]
rot_cArmRb: !!opencv-matrix
   rows: 1
   cols: 3
   dt: f
   data: [ 6.24788523e-01, 7.80260205e-01, 2.88667046e-02 ]
rotDeg_cArmRb: 3.0370917320251465e+00
mat_rb2ws: !!opencv-matrix
   rows: 4
   cols: 4
   dt: f
   data: [ -2.15952873e-01, 9.75346863e-01, -4.54168022e-02, 0.,
       9.69324708e-01, 2.19746113e-01, 1.10096410e-01, 0.,
       1.17362365e-01, -2.02479921e-02, -9.92882729e-01, 0.,
       7.21103745e-03, 6.22825086e-01, -5.72681844e-01, 1. ]
mat_ws2rb: !!opencv-matrix
   rows: 4
   cols: 4
   dt: f
   data: [ -2.15952918e-01, 9.69324768e-01, 1.17362365e-01, 0.,
       9.75347042e-01, 2.19746128e-01, -2.02479959e-02, 0.,
       -4.54168059e-02, 1.10096417e-01, -9.92882729e-01, 0.,
       -6.31922781e-01, -8.08030292e-02, -5.56841314e-01, 1. ]
t_cArmRb: !!opencv-matrix
   rows: 1
   cols: 3
   dt: f
   data: [ 7.21103745e-03, 6.22825086e-01, -5.72681844e-01 ]
rbMSE_cArmRb: 9.3937991186976433e-04
rbMSE_calibRb: 1.0948282433673739e-03
rbMarkers_calibRb: !!opencv-matrix
   rows: 7
   cols: 3
   dt: f
   data: [ 7.80587047e-02, 2.66113490e-01, -4.18133140e-01,
       -1.65486857e-02, 2.46667996e-01, -4.63219643e-01, 1.44993225e-02,
       2.79166490e-01, -4.08125103e-01, 9.34648812e-02, 2.92035848e-01,
       -3.77995372e-01, 4.60617989e-02, 3.03012520e-01, -3.66730541e-01,
       -1.77465361e-02, 3.06438118e-01, -3.69506538e-01, 7.84333050e-02,
       2.41071716e-01, -4.58395749e-01 ]
wsMarkers_calibRb: !!opencv-matrix
   rows: 7
   cols: 3
   dt: f
   data: [ 7.81354234e-02, 2.66221851e-01, -4.17876482e-01,
       -1.66383032e-02, 2.46670321e-01, -4.63340253e-01, 1.45862317e-02,
       2.78995693e-01, -4.07578588e-01, 9.35905427e-02, 2.92178303e-01,
       -3.78855914e-01, 4.58709113e-02, 3.02891761e-01, -3.66431028e-01,
       -1.78016052e-02, 3.06477547e-01, -3.69552344e-01, 7.84194395e-02,
       2.40887493e-01, -4.58079189e-01 ]
