%YAML:1.0
---
q_cArmRb: !!opencv-matrix
   rows: 1
   cols: 4
   dt: f
   data: [ 7.20799625e-01, 6.88951552e-01, 7.61172175e-02,
       3.15511179e+00 ]
rot_cArmRb: !!opencv-matrix
   rows: 1
   cols: 3
   dt: f
   data: [ 7.20799625e-01, 6.88951552e-01, 7.61172175e-02 ]
rotDeg_cArmRb: 3.1551117897033691e+00
mat_rb2ws: !!opencv-matrix
   rows: 4
   cols: 4
   dt: f
   data: [ 3.91481519e-02, 9.92117703e-01, 1.19039260e-01, 0.,
       9.94175673e-01, -5.06435037e-02, 9.51330662e-02, 0.,
       1.00411773e-01, 1.14621662e-01, -9.88321483e-01, 0.,
       1.25939548e-01, 5.98811209e-01, -5.29316425e-01, 1. ]
mat_ws2rb: !!opencv-matrix
   rows: 4
   cols: 4
   dt: f
   data: [ 3.91477346e-02, 9.94175315e-01, 1.00411728e-01, 0.,
       9.92117286e-01, -5.06438836e-02, 1.14621609e-01, 0.,
       1.19039223e-01, 9.51330364e-02, -9.88321543e-01, 0.,
       -5.36011755e-01, -4.45243940e-02, -6.04417324e-01, 1. ]
t_cArmRb: !!opencv-matrix
   rows: 1
   cols: 3
   dt: f
   data: [ 1.25939548e-01, 5.98811209e-01, -5.29316425e-01 ]
rbMSE_cArmRb: 9.6661073621362448e-04
rbMSE_calibRb: 1.0954791214317083e-03
rbMarkers_calibRb: !!opencv-matrix
   rows: 7
   cols: 3
   dt: f
   data: [ 7.80633762e-02, 2.66119719e-01, -4.18156028e-01,
       -1.65463202e-02, 2.46674627e-01, -4.63238239e-01, 1.45048508e-02,
       2.79177189e-01, -4.08147514e-01, 9.34720933e-02, 2.92045236e-01,
       -3.78021985e-01, 4.60694842e-02, 3.03026229e-01, -3.66757005e-01,
       -1.77387185e-02, 3.06455016e-01, -3.69531363e-01, 7.84353763e-02,
       2.41072908e-01, -4.58415866e-01 ]
wsMarkers_calibRb: !!opencv-matrix
   rows: 7
   cols: 3
   dt: f
   data: [ 7.81414509e-02, 2.66225547e-01, -4.17889476e-01,
       -1.66385230e-02, 2.46677428e-01, -4.63360518e-01, 1.45918978e-02,
       2.79001117e-01, -4.07585502e-01, 9.36026275e-02, 2.92197645e-01,
       -3.78917485e-01, 4.58772816e-02, 3.02899331e-01, -3.66437167e-01,
       -1.78000089e-02, 3.06494147e-01, -3.69572133e-01, 7.84229711e-02,
       2.40883604e-01, -4.58081692e-01 ]
