%YAML:1.0
---
q_cArmRb: !!opencv-matrix
   rows: 1
   cols: 4
   dt: f
   data: [ 7.17384279e-01, 6.87951326e-01, 1.09921619e-01,
       3.21861696e+00 ]
rot_cArmRb: !!opencv-matrix
   rows: 1
   cols: 3
   dt: f
   data: [ 7.17384279e-01, 6.87951326e-01, 1.09921619e-01 ]
rotDeg_cArmRb: 3.2186169624328613e+00
mat_rb2ws: !!opencv-matrix
   rows: 4
   cols: 4
   dt: f
   data: [ 3.07194591e-02, 9.77129340e-01, 2.10414872e-01, 0.,
       9.94045854e-01, -5.18842936e-02, 9.58158225e-02, 0.,
       1.04541674e-01, 2.06218645e-01, -9.72905397e-01, 0.,
       1.16205953e-01, 6.02151692e-01, -4.82638508e-01, 1. ]
mat_ws2rb: !!opencv-matrix
   rows: 4
   cols: 4
   dt: f
   data: [ 3.07195093e-02, 9.94046092e-01, 1.04541697e-01, 0.,
       9.77129579e-01, -5.18842600e-02, 2.06218660e-01, 0.,
       2.10414901e-01, 9.58158374e-02, -9.72905457e-01, 0.,
       -4.90395695e-01, -3.80274653e-02, -6.05884910e-01, 1. ]
t_cArmRb: !!opencv-matrix
   rows: 1
   cols: 3
   dt: f
   data: [ 1.16205953e-01, 6.02151692e-01, -4.82638508e-01 ]
rbMSE_cArmRb: 9.5183803932741284e-04
rbMSE_calibRb: 1.0954505996778607e-03
rbMarkers_calibRb: !!opencv-matrix
   rows: 7
   cols: 3
   dt: f
   data: [ 7.80675560e-02, 2.66123503e-01, -4.18168515e-01,
       -1.65436380e-02, 2.46677205e-01, -4.63247001e-01, 1.45095522e-02,
       2.79182613e-01, -4.08159703e-01, 9.34775993e-02, 2.92051643e-01,
       -3.78036439e-01, 4.60757166e-02, 3.03034186e-01, -3.66771460e-01,
       -1.77324619e-02, 3.06463957e-01, -3.69544297e-01, 7.84379542e-02,
       2.41073996e-01, -4.58426476e-01 ]
wsMarkers_calibRb: !!opencv-matrix
   rows: 7
   cols: 3
   dt: f
   data: [ 7.81449750e-02, 2.66225636e-01, -4.17893916e-01,
       -1.66358836e-02, 2.46679559e-01, -4.63368684e-01, 1.45961950e-02,
       2.79001832e-01, -4.07586068e-01, 9.36122537e-02, 2.92211354e-01,
       -3.78957212e-01, 4.58827317e-02, 3.02905560e-01, -3.66444260e-01,
       -1.77970827e-02, 3.06502551e-01, -3.69579464e-01, 7.84254074e-02,
       2.40883082e-01, -4.58087057e-01 ]
