%YAML:1.0
---
q_cArmRb: !!opencv-matrix
   rows: 1
   cols: 4
   dt: f
   data: [ 8.08008015e-01, 5.89026988e-01, 1.30554503e-02,
       3.08949971e+00 ]
rot_cArmRb: !!opencv-matrix
   rows: 1
   cols: 3
   dt: f
   data: [ 8.08008015e-01, 5.89026988e-01, 1.30554503e-02 ]
rotDeg_cArmRb: 3.0894997119903564e+00
mat_rb2ws: !!opencv-matrix
   rows: 4
   cols: 4
   dt: f
   data: [ 3.06224406e-01, 9.51910973e-01, -9.58677009e-03, 0.,
       9.50551391e-01, -3.05208683e-01, 5.74420653e-02, 0.,
       5.17537706e-02, -2.67028864e-02, -9.98302817e-01, 0.,
       1.78037018e-01, 5.08575618e-01, -5.64245820e-01, 1. ]
mat_ws2rb: !!opencv-matrix
   rows: 4
   cols: 4
   dt: f
   data: [ 3.06224614e-01, 9.50551629e-01, 5.17537780e-02, 0.,
       9.51911211e-01, -3.05208594e-01, -2.67028846e-02, 0.,
       -9.58676822e-03, 5.74420728e-02, -9.98302877e-01, 0.,
       -5.44047415e-01, 1.83997303e-02, -5.58921814e-01, 1. ]
t_cArmRb: !!opencv-matrix
   rows: 1
   cols: 3
   dt: f
   data: [ 1.78037018e-01, 5.08575618e-01, -5.64245820e-01 ]
rbMSE_cArmRb: 9.0974458726122975e-04
rbMSE_calibRb: 1.0914385784417391e-03
rbMarkers_calibRb: !!opencv-matrix
   rows: 7
   cols: 3
   dt: f
   data: [ 7.80500099e-02, 2.66111016e-01, -4.18121874e-01,
       -1.65542178e-02, 2.46658266e-01, -4.63212371e-01, 1.44892298e-02,
       2.79159546e-01, -4.08116698e-01, 9.34528410e-02, 2.92034805e-01,
       -3.77984107e-01, 4.60482091e-02, 3.03008914e-01, -3.66721690e-01,
       -1.77602712e-02, 3.06429833e-01, -3.69500190e-01, 7.84277618e-02,
       2.41067976e-01, -4.58383858e-01 ]
wsMarkers_calibRb: !!opencv-matrix
   rows: 7
   cols: 3
   dt: f
   data: [ 7.81250224e-02, 2.66224504e-01, -4.17881727e-01,
       -1.66433044e-02, 2.46665329e-01, -4.63337392e-01, 1.45767024e-02,
       2.78985053e-01, -4.07567829e-01, 9.35773104e-02, 2.92172313e-01,
       -3.78825396e-01, 4.58584726e-02, 3.02890211e-01, -3.66419643e-01,
       -1.78153813e-02, 3.06466281e-01, -3.69540185e-01, 7.84153640e-02,
       2.40885392e-01, -4.58074927e-01 ]
