%YAML:1.0
---
q_cArmRb: !!opencv-matrix
   rows: 1
   cols: 4
   dt: f
   data: [ 7.16865122e-01, 6.78350627e-01, -1.61074132e-01,
       2.74097562e+00 ]
rot_cArmRb: !!opencv-matrix
   rows: 1
   cols: 3
   dt: f
   data: [ 7.16865122e-01, 6.78350627e-01, -1.61074132e-01 ]
rotDeg_cArmRb: 2.7409756183624268e+00
mat_rb2ws: !!opencv-matrix
   rows: 4
   cols: 4
   dt: f
   data: [ 6.62806630e-02, 8.71251166e-01, -4.86341774e-01, 0.,
       9.96884644e-01, -3.69366407e-02, 6.96898699e-02, 0.,
       4.27535325e-02, -4.89445746e-01, -8.70985091e-01, 0.,
       1.23595431e-01, 6.01031542e-01, -7.37153113e-01, 1. ]
mat_ws2rb: !!opencv-matrix
   rows: 4
   cols: 4
   dt: f
   data: [ 6.62806779e-02, 9.96884704e-01, 4.27535474e-02, 0.,
       8.71251166e-01, -3.69366407e-02, -4.89445746e-01, 0.,
       -4.86341774e-01, 6.96898550e-02, -8.70985091e-01, 0.,
       -8.90349805e-01, -4.96382117e-02, -3.53161156e-01, 1. ]
t_cArmRb: !!opencv-matrix
   rows: 1
   cols: 3
   dt: f
   data: [ 1.23595431e-01, 6.01031542e-01, -7.37153113e-01 ]
rbMSE_cArmRb: 7.8883994137868285e-04
rbMSE_calibRb: 1.0980786755681038e-03
rbMarkers_calibRb: !!opencv-matrix
   rows: 7
   cols: 3
   dt: f
   data: [ 7.80871212e-02, 2.66108751e-01, -4.18338418e-01,
       -1.65360849e-02, 2.46785149e-01, -4.63444918e-01, 1.45395836e-02,
       2.79216379e-01, -4.08326447e-01, 9.35156271e-02, 2.91989207e-01,
       -3.78182977e-01, 4.61221784e-02, 3.03004950e-01, -3.66914392e-01,
       -1.76826809e-02, 3.06494921e-01, -3.69692296e-01, 7.84399211e-02,
       2.41092756e-01, -4.58617568e-01 ]
wsMarkers_calibRb: !!opencv-matrix
   rows: 7
   cols: 3
   dt: f
   data: [ 7.81617016e-02, 2.66199648e-01, -4.18027103e-01,
       -1.66206360e-02, 2.46783629e-01, -4.63544518e-01, 1.46210920e-02,
       2.79028654e-01, -4.07717884e-01, 9.36565250e-02, 2.92195231e-01,
       -3.79233301e-01, 4.59251888e-02, 3.02873105e-01, -3.66598994e-01,
       -1.77480169e-02, 3.06532949e-01, -3.69734854e-01, 7.84233883e-02,
       2.40884230e-01, -4.58247334e-01 ]
