%YAML:1.0
---
q_cArmRb: !!opencv-matrix
   rows: 1
   cols: 4
   dt: f
   data: [ 7.16786444e-01, 6.78611636e-01, -1.60323307e-01,
       2.74137759e+00 ]
rot_cArmRb: !!opencv-matrix
   rows: 1
   cols: 3
   dt: f
   data: [ 7.16786444e-01, 6.78611636e-01, -1.60323307e-01 ]
rotDeg_cArmRb: 2.7413775920867920e+00
mat_rb2ws: !!opencv-matrix
   rows: 4
   cols: 4
   dt: f
   data: [ 6.59878850e-02, 8.71936440e-01, -4.85152304e-01, 0.,
       9.96865571e-01, -3.63408327e-02, 7.02747256e-02, 0.,
       4.36442196e-02, -4.88268852e-01, -8.71601284e-01, 0.,
       1.18108012e-01, 5.53840399e-01, -7.23901570e-01, 1. ]
mat_ws2rb: !!opencv-matrix
   rows: 4
   cols: 4
   dt: f
   data: [ 6.59876615e-02, 9.96865451e-01, 4.36442457e-02, 0.,
       8.71936202e-01, -3.63410264e-02, -4.88268793e-01, 0.,
       -4.85152215e-01, 7.02748001e-02, -8.71601284e-01, 0.,
       -8.41909587e-01, -4.67386320e-02, -3.65685225e-01, 1. ]
t_cArmRb: !!opencv-matrix
   rows: 1
   cols: 3
   dt: f
   data: [ 1.18108012e-01, 5.53840399e-01, -7.23901570e-01 ]
rbMSE_cArmRb: 8.7543466361239552e-04
rbMSE_calibRb: 1.0971230221912265e-03
rbMarkers_calibRb: !!opencv-matrix
   rows: 7
   cols: 3
   dt: f
   data: [ 7.80850649e-02, 2.66112447e-01, -4.18340415e-01,
       -1.65376645e-02, 2.46787727e-01, -4.63446617e-01, 1.45373950e-02,
       2.79218853e-01, -4.08327579e-01, 9.35133398e-02, 2.91992784e-01,
       -3.78183931e-01, 4.61196080e-02, 3.03007245e-01, -3.66915435e-01,
       -1.76852103e-02, 3.06495965e-01, -3.69693369e-01, 7.84383416e-02,
       2.41096660e-01, -4.58619535e-01 ]
wsMarkers_calibRb: !!opencv-matrix
   rows: 7
   cols: 3
   dt: f
   data: [ 7.81593993e-02, 2.66203523e-01, -4.18030888e-01,
       -1.66230872e-02, 2.46785834e-01, -4.63544905e-01, 1.46185486e-02,
       2.79030323e-01, -4.07716215e-01, 9.36544910e-02, 2.92198360e-01,
       -3.79234284e-01, 4.59227897e-02, 3.02875370e-01, -3.66599023e-01,
       -1.77510343e-02, 3.06532592e-01, -3.69730443e-01, 7.84228891e-02,
       2.40890577e-01, -4.58254755e-01 ]
