%YAML:1.0
---
q_cArmRb: !!opencv-matrix
   rows: 1
   cols: 4
   dt: f
   data: [ 8.28722775e-01, 5.59587598e-01, 8.96939170e-03,
       3.09451795e+00 ]
rot_cArmRb: !!opencv-matrix
   rows: 1
   cols: 3
   dt: f
   data: [ 8.28722775e-01, 5.59587598e-01, 8.96939170e-03 ]
rotDeg_cArmRb: 3.0945179462432861e+00
mat_rb2ws: !!opencv-matrix
   rows: 4
   cols: 4
   dt: f
   data: [ 3.73909473e-01, 9.27394092e-01, -1.14746504e-02, 0.,
       9.26549971e-01, -3.72962654e-01, 4.90302294e-02, 0.,
       4.11907285e-02, -2.89647132e-02, -9.98731375e-01, 0.,
       2.04928786e-01, 4.81591761e-01, -5.64632118e-01, 1. ]
mat_ws2rb: !!opencv-matrix
   rows: 4
   cols: 4
   dt: f
   data: [ 3.73909742e-01, 9.26550150e-01, 4.11907397e-02, 0.,
       9.27394331e-01, -3.72962564e-01, -2.89647114e-02, 0.,
       -1.14746531e-02, 4.90302332e-02, -9.98731494e-01, 0.,
       -5.29729307e-01, 1.74229573e-02, -5.58407843e-01, 1. ]
t_cArmRb: !!opencv-matrix
   rows: 1
   cols: 3
   dt: f
   data: [ 2.04928786e-01, 4.81591761e-01, -5.64632118e-01 ]
rbMSE_cArmRb: 9.6756295533850789e-04
rbMSE_calibRb: 1.0923625668510795e-03
rbMarkers_calibRb: !!opencv-matrix
   rows: 7
   cols: 3
   dt: f
   data: [ 7.80510157e-02, 2.66113073e-01, -4.18130904e-01,
       -1.65536571e-02, 2.46663630e-01, -4.63222206e-01, 1.44906435e-02,
       2.79164225e-01, -4.08126473e-01, 9.34545174e-02, 2.92037100e-01,
       -3.77993613e-01, 4.60502617e-02, 3.03012669e-01, -3.66731614e-01,
       -1.77580118e-02, 3.06436479e-01, -3.69510561e-01, 7.84281790e-02,
       2.41069868e-01, -4.58392888e-01 ]
wsMarkers_calibRb: !!opencv-matrix
   rows: 7
   cols: 3
   dt: f
   data: [ 7.81272426e-02, 2.66224712e-01, -4.17885959e-01,
       -1.66438241e-02, 2.46667042e-01, -4.63340938e-01, 1.45784728e-02,
       2.78990149e-01, -4.07575518e-01, 9.35795531e-02, 2.92176396e-01,
       -3.78842831e-01, 4.58608493e-02, 3.02894473e-01, -3.66428703e-01,
       -1.78149287e-02, 3.06472272e-01, -3.69546354e-01, 7.84147978e-02,
       2.40888864e-01, -4.58085567e-01 ]
