%YAML:1.0
---
q_cArmRb: !!opencv-matrix
   rows: 1
   cols: 4
   dt: f
   data: [ 6.90905750e-01, 7.22588778e-01, 2.26891655e-02,
       3.05223107e+00 ]
rot_cArmRb: !!opencv-matrix
   rows: 1
   cols: 3
   dt: f
   data: [ 6.90905750e-01, 7.22588778e-01, 2.26891655e-02 ]
rotDeg_cArmRb: 3.0522310733795166e+00
mat_rb2ws: !!opencv-matrix
   rows: 4
   cols: 4
   dt: f
   data: [ -4.32130694e-02, 9.98514235e-01, -3.31961736e-02, 0.,
       9.94464636e-01, 4.61757779e-02, 9.43827480e-02, 0.,
       9.57753733e-02, -2.89338380e-02, -9.94982362e-01, 0.,
       7.67121911e-02, 5.99991739e-01, -5.59047997e-01, 1. ]
mat_ws2rb: !!opencv-matrix
   rows: 4
   cols: 4
   dt: f
   data: [ -4.32132259e-02, 9.94464397e-01, 9.57753658e-02, 0.,
       9.98514175e-01, 4.61756140e-02, -2.89338473e-02, 0.,
       -3.31961773e-02, 9.43827406e-02, -9.94982362e-01, 0.,
       -6.14343464e-01, -5.12280464e-02, -5.46229899e-01, 1. ]
t_cArmRb: !!opencv-matrix
   rows: 1
   cols: 3
   dt: f
   data: [ 7.67121911e-02, 5.99991739e-01, -5.59047997e-01 ]
rbMSE_cArmRb: 9.9667615722864866e-04
rbMSE_calibRb: 1.0928041301667690e-03
rbMarkers_calibRb: !!opencv-matrix
   rows: 7
   cols: 3
   dt: f
   data: [ 7.80561194e-02, 2.66114146e-01, -4.18137938e-01,
       -1.65500343e-02, 2.46667311e-01, -4.63227004e-01, 1.44961448e-02,
       2.79165387e-01, -4.08130914e-01, 9.34609175e-02, 2.92036086e-01,
       -3.77999663e-01, 4.60570790e-02, 3.03011894e-01, -3.66736084e-01,
       -1.77512057e-02, 3.06436390e-01, -3.69512707e-01, 7.84317106e-02,
       2.41072446e-01, -4.58400786e-01 ]
wsMarkers_calibRb: !!opencv-matrix
   rows: 7
   cols: 3
   dt: f
   data: [ 7.81315118e-02, 2.66223907e-01, -4.17885900e-01,
       -1.66394878e-02, 2.46670425e-01, -4.63347316e-01, 1.45824635e-02,
       2.78993726e-01, -4.07583505e-01, 9.35859606e-02, 2.92178035e-01,
       -3.78856063e-01, 4.58664149e-02, 3.02890956e-01, -3.66432369e-01,
       -1.78057402e-02, 3.06473225e-01, -3.69550914e-01, 7.84185156e-02,
       2.40892127e-01, -4.58095044e-01 ]
