%YAML:1.0
---
q_cArmRb: !!opencv-matrix
   rows: 1
   cols: 4
   dt: f
   data: [ 7.81716406e-01, 6.23451233e-01, 1.51050910e-02,
       3.08241320e+00 ]
rot_cArmRb: !!opencv-matrix
   rows: 1
   cols: 3
   dt: f
   data: [ 7.81716406e-01, 6.23451233e-01, 1.51050910e-02 ]
rotDeg_cArmRb: 3.0824131965637207e+00
mat_rb2ws: !!opencv-matrix
   rows: 4
   cols: 4
   dt: f
   data: [ 2.22841859e-01, 9.74764347e-01, -1.32788513e-02, 0.,
       9.72977579e-01, -2.21546948e-01, 6.50526434e-02, 0.,
       6.04690984e-02, -2.74164658e-02, -9.97793496e-01, 0.,
       1.70568198e-01, 5.32423735e-01, -5.39306104e-01, 1. ]
mat_ws2rb: !!opencv-matrix
   rows: 4
   cols: 4
   dt: f
   data: [ 2.22841561e-01, 9.72977340e-01, 6.04690947e-02, 0.,
       9.74764109e-01, -2.21547127e-01, -2.74164695e-02, 0.,
       -1.32788587e-02, 6.50526434e-02, -9.97793555e-01, 0.,
       -5.64158678e-01, -1.29187424e-02, -5.33833146e-01, 1. ]
t_cArmRb: !!opencv-matrix
   rows: 1
   cols: 3
   dt: f
   data: [ 1.70568198e-01, 5.32423735e-01, -5.39306104e-01 ]
rbMSE_cArmRb: 9.4202626496553421e-04
rbMSE_calibRb: 1.0904585942625999e-03
rbMarkers_calibRb: !!opencv-matrix
   rows: 7
   cols: 3
   dt: f
   data: [ 7.80442283e-02, 2.66117960e-01, -4.18100089e-01,
       -1.65543649e-02, 2.46651381e-01, -4.63196576e-01, 1.44809335e-02,
       2.79157519e-01, -4.08099443e-01, 9.34407264e-02, 2.92044431e-01,
       -3.77961695e-01, 4.60338704e-02, 3.03011626e-01, -3.66702408e-01,
       -1.77748222e-02, 3.06423932e-01, -3.69484931e-01, 7.84280971e-02,
       2.41074637e-01, -4.58362103e-01 ]
wsMarkers_calibRb: !!opencv-matrix
   rows: 7
   cols: 3
   dt: f
   data: [ 7.81179145e-02, 2.66235232e-01, -4.17868495e-01,
       -1.66449901e-02, 2.46660724e-01, -4.63326782e-01, 1.45690702e-02,
       2.78984308e-01, -4.07554209e-01, 9.35625732e-02, 2.92180687e-01,
       -3.78796637e-01, 4.58451360e-02, 3.02892536e-01, -3.66397023e-01,
       -1.78281087e-02, 3.06459039e-01, -3.69524628e-01, 7.84171373e-02,
       2.40889296e-01, -4.58050370e-01 ]
