%YAML:1.0
---
q_cArmRb: !!opencv-matrix
   rows: 1
   cols: 4
   dt: f
   data: [ 7.24050879e-01, 6.89307809e-01, 2.46024262e-02,
       3.06141472e+00 ]
rot_cArmRb: !!opencv-matrix
   rows: 1
   cols: 3
   dt: f
   data: [ 7.24050879e-01, 6.89307809e-01, 2.46024262e-02 ]
rotDeg_cArmRb: 3.0614147186279297e+00
mat_rb2ws: !!opencv-matrix
   rows: 4
   cols: 4
   dt: f
   data: [ 5.00276685e-02, 9.98555005e-01, -1.96384899e-02, 0.,
       9.94614124e-01, -4.80233431e-02, 9.18535367e-02, 0.,
       9.07776654e-02, -2.41279155e-02, -9.95578885e-01, 0.,
       1.36358052e-01, 4.78379846e-01, -6.22458756e-01, 1. ]
mat_ws2rb: !!opencv-matrix
   rows: 4
   cols: 4
   dt: f
   data: [ 5.00272326e-02, 9.94613528e-01, 9.07776505e-02, 0.,
       9.98554468e-01, -4.80237231e-02, -2.41279230e-02, 0.,
       -1.96385086e-02, 9.18534994e-02, -9.95578825e-01, 0.,
       -4.96734113e-01, -5.54749630e-02, -6.20542705e-01, 1. ]
t_cArmRb: !!opencv-matrix
   rows: 1
   cols: 3
   dt: f
   data: [ 1.36358052e-01, 4.78379846e-01, -6.22458756e-01 ]
rbMSE_cArmRb: 9.0472947340458632e-04
rbMSE_calibRb: 1.1008178116753697e-03
rbMarkers_calibRb: !!opencv-matrix
   rows: 7
   cols: 3
   dt: f
   data: [ 7.81015158e-02, 2.66128242e-01, -4.18355942e-01,
       -1.65241174e-02, 2.46794716e-01, -4.63453710e-01, 1.45543693e-02,
       2.79238582e-01, -4.08344001e-01, 9.35316235e-02, 2.92018324e-01,
       -3.78206730e-01, 4.61389311e-02, 3.03036481e-01, -3.66939038e-01,
       -1.76658742e-02, 3.06525916e-01, -3.69714826e-01, 7.84518272e-02,
       2.41102397e-01, -4.58629459e-01 ]
wsMarkers_calibRb: !!opencv-matrix
   rows: 7
   cols: 3
   dt: f
   data: [ 7.81769678e-02, 2.66220838e-01, -4.18057024e-01,
       -1.66108645e-02, 2.46801406e-01, -4.63565201e-01, 1.46360444e-02,
       2.79028505e-01, -4.07697976e-01, 9.36767012e-02, 2.92220533e-01,
       -3.79250169e-01, 4.59413938e-02, 3.02908212e-01, -3.66614193e-01,
       -1.77357513e-02, 3.06566834e-01, -3.69759917e-01, 7.84377381e-02,
       2.40896001e-01, -4.58258629e-01 ]
