%YAML:1.0
---
q_cArmRb: !!opencv-matrix
   rows: 1
   cols: 4
   dt: f
   data: [ 7.11843967e-01, 6.82763100e-01, 1.64659217e-01,
       3.31634855e+00 ]
rot_cArmRb: !!opencv-matrix
   rows: 1
   cols: 3
   dt: f
   data: [ 7.11843967e-01, 6.82763100e-01, 1.64659217e-01 ]
rotDeg_cArmRb: 3.3163485527038574e+00
mat_rb2ws: !!opencv-matrix
   rows: 4
   cols: 4
   dt: f
   data: [ 2.09569931e-02, 9.36010242e-01, 3.51348639e-01, 0.,
       9.93268073e-01, -5.95381260e-02, 9.93674621e-02, 0.,
       1.13927633e-01, 3.46900910e-01, -9.30956602e-01, 0.,
       1.11175835e-01, 5.97407639e-01, -3.98437709e-01, 1. ]
mat_ws2rb: !!opencv-matrix
   rows: 4
   cols: 4
   dt: f
   data: [ 2.09567416e-02, 9.93267834e-01, 1.13927573e-01, 0.,
       9.36009943e-01, -5.95383570e-02, 3.46900851e-01, 0.,
       3.51348549e-01, 9.93674099e-02, -9.30956602e-01, 0.,
       -4.21518862e-01, -3.52669880e-02, -5.90835452e-01, 1. ]
t_cArmRb: !!opencv-matrix
   rows: 1
   cols: 3
   dt: f
   data: [ 1.11175835e-01, 5.97407639e-01, -3.98437709e-01 ]
rbMSE_cArmRb: 1.0866725351661444e-03
rbMSE_calibRb: 1.0961387306451797e-03
rbMarkers_calibRb: !!opencv-matrix
   rows: 7
   cols: 3
   dt: f
   data: [ 7.80688450e-02, 2.66127735e-01, -4.18183893e-01,
       -1.65450945e-02, 2.46683985e-01, -4.63258326e-01, 1.45120770e-02,
       2.79192775e-01, -4.08174902e-01, 9.34819803e-02, 2.92058736e-01,
       -3.78054917e-01, 4.60811295e-02, 3.03046167e-01, -3.66790056e-01,
       -1.77268833e-02, 3.06481332e-01, -3.69561851e-01, 7.84361735e-02,
       2.41073713e-01, -4.58439440e-01 ]
wsMarkers_calibRb: !!opencv-matrix
   rows: 7
   cols: 3
   dt: f
   data: [ 7.81467035e-02, 2.66218990e-01, -4.17907953e-01,
       -1.66352261e-02, 2.46683672e-01, -4.63370383e-01, 1.45978518e-02,
       2.79000193e-01, -4.07588273e-01, 9.36261937e-02, 2.92231679e-01,
       -3.79016459e-01, 4.58861887e-02, 3.02915961e-01, -3.66445154e-01,
       -1.78000629e-02, 3.06519181e-01, -3.69584024e-01, 7.84212127e-02,
       2.40889445e-01, -4.58094239e-01 ]
