%YAML:1.0
---
q_cArmRb: !!opencv-matrix
   rows: 1
   cols: 4
   dt: f
   data: [ 7.23721087e-01, 6.89714015e-01, 2.28564888e-02,
       3.06346250e+00 ]
rot_cArmRb: !!opencv-matrix
   rows: 1
   cols: 3
   dt: f
   data: [ 7.23721087e-01, 6.89714015e-01, 2.28564888e-02 ]
rotDeg_cArmRb: 3.0634624958038330e+00
mat_rb2ws: !!opencv-matrix
   rows: 4
   cols: 4
   dt: f
   data: [ 4.89972234e-02, 9.98582423e-01, -2.07996741e-02, 0.,
       9.95014429e-01, -4.69897389e-02, 8.79677236e-02, 0.,
       8.68656412e-02, -2.50061452e-02, -9.95906115e-01, 0.,
       7.90980086e-02, 4.83261496e-01, -6.26789808e-01, 1. ]
mat_ws2rb: !!opencv-matrix
   rows: 4
   cols: 4
   dt: f
   data: [ 4.89970967e-02, 9.95014310e-01, 8.68656412e-02, 0.,
       9.98582184e-01, -4.69898507e-02, -2.50061452e-02, 0.,
       -2.07996797e-02, 8.79677311e-02, -9.95906174e-01, 0.,
       -4.99488920e-01, -8.57993262e-04, -6.19010270e-01, 1. ]
t_cArmRb: !!opencv-matrix
   rows: 1
   cols: 3
   dt: f
   data: [ 7.90980086e-02, 4.83261496e-01, -6.26789808e-01 ]
rbMSE_cArmRb: 9.1142888413742185e-04
rbMSE_calibRb: 1.1003745021298528e-03
rbMarkers_calibRb: !!opencv-matrix
   rows: 7
   cols: 3
   dt: f
   data: [ 7.81024024e-02, 2.66126543e-01, -4.18359339e-01,
       -1.65234227e-02, 2.46790588e-01, -4.63454783e-01, 1.45553388e-02,
       2.79235333e-01, -4.08345670e-01, 9.35332030e-02, 2.92016327e-01,
       -3.78210574e-01, 4.61401641e-02, 3.03033650e-01, -3.66941094e-01,
       -1.76647864e-02, 3.06521624e-01, -3.69715780e-01, 7.84529150e-02,
       2.41101086e-01, -4.58632201e-01 ]
wsMarkers_calibRb: !!opencv-matrix
   rows: 7
   cols: 3
   dt: f
   data: [ 7.81762898e-02, 2.66217232e-01, -4.18057144e-01,
       -1.66077577e-02, 2.46798977e-01, -4.63567287e-01, 1.46366507e-02,
       2.79023796e-01, -4.07703102e-01, 9.36790109e-02, 2.92221606e-01,
       -3.79262120e-01, 4.59406935e-02, 3.02909344e-01, -3.66624445e-01,
       -1.77322887e-02, 3.06562304e-01, -3.69760782e-01, 7.84364343e-02,
       2.40894079e-01, -4.58258957e-01 ]
