%YAML:1.0
---
q_cArmRb: !!opencv-matrix
   rows: 1
   cols: 4
   dt: f
   data: [ 7.52499223e-01, 6.58292949e-01, 1.98873300e-02,
       3.07486868e+00 ]
rot_cArmRb: !!opencv-matrix
   rows: 1
   cols: 3
   dt: f
   data: [ 7.52499223e-01, 6.58292949e-01, 1.98873300e-02 ]
rotDeg_cArmRb: 3.0748686790466309e+00
mat_rb2ws: !!opencv-matrix
   rows: 4
   cols: 4
   dt: f
   data: [ 1.33475006e-01, 9.90953326e-01, -1.39942430e-02, 0.,
       9.88301337e-01, -1.32040024e-01, 7.63267279e-02, 0.,
       7.37884343e-02, -2.40182430e-02, -9.96984661e-01, 0.,
       1.49808660e-01, 5.57580292e-01, -5.38479865e-01, 1. ]
mat_ws2rb: !!opencv-matrix
   rows: 4
   cols: 4
   dt: f
   data: [ 1.33475125e-01, 9.88301516e-01, 7.37884268e-02, 0.,
       9.90953445e-01, -1.32039934e-01, -2.40182430e-02, 0.,
       -1.39942365e-02, 7.63267353e-02, -9.96984661e-01, 0.,
       -5.80067456e-01, -3.33328359e-02, -5.34518182e-01, 1. ]
t_cArmRb: !!opencv-matrix
   rows: 1
   cols: 3
   dt: f
   data: [ 1.49808660e-01, 5.57580292e-01, -5.38479865e-01 ]
rbMSE_cArmRb: 9.7355025354772806e-04
rbMSE_calibRb: 1.0598649969324470e-03
rbMarkers_calibRb: !!opencv-matrix
   rows: 7
   cols: 3
   dt: f
   data: [ 7.79992938e-02, 2.65983552e-01, -4.17582005e-01,
       -1.65430848e-02, 2.46571898e-01, -4.62819874e-01, 1.44696711e-02,
       2.79443085e-01, -4.07927066e-01, 9.33906659e-02, 2.92213053e-01,
       -3.77638817e-01, 4.60025966e-02, 3.03530246e-01, -3.66649985e-01,
       -1.77776776e-02, 3.07241887e-01, -3.69687021e-01, 7.83920288e-02,
       2.40555644e-01, -4.57601517e-01 ]
wsMarkers_calibRb: !!opencv-matrix
   rows: 7
   cols: 3
   dt: f
   data: [ 7.81101137e-02, 2.66248822e-01, -4.17887986e-01,
       -1.66522544e-02, 2.46661514e-01, -4.63332355e-01, 1.45604201e-02,
       2.78982639e-01, -4.07556117e-01, 9.35478508e-02, 2.92191625e-01,
       -3.78798932e-01, 4.60025966e-02, 3.03530246e-01, -3.66649985e-01,
       -1.77776776e-02, 3.07241887e-01, -3.69687021e-01, 7.84135982e-02,
       2.40902290e-01, -4.58065033e-01 ]
