%YAML:1.0
---
ExSET: !!opencv-matrix
   rows: 1
   cols: 62
   dt: i
   data: [ 8, 9, 11, 12, 14, 15, 17, 18, 22, 23, 29, 31, 34, 37, 42, 43, 44, 45, 46, 47, 48, 50, 51, 56, 57, 59, 60, 61, 62, 69, 71, 72, 76, 77, 78, 84, 85, 86, 88, 89, 90, 92, 93, 94, 95, 96, 97, 99, 100, 101, 102, 103, 105, 112, 116, 117, 119, 120, 130, 132, 136, 145 ]