%YAML:1.0
---
ExSET: !!opencv-matrix
   rows: 1
   cols: 92
   dt: i
   data: [ 1, 3, 6, 7, 8, 9, 10, 11, 12, 14, 15, 17, 19, 20, 21, 22, 23, 24, 25, 27, 29, 33, 34, 35, 36, 37, 39, 40, 42, 43, 44, 45, 46, 47, 48, 49, 51, 52, 53, 54, 55, 56, 57, 62, 64, 66, 67, 68, 71, 72, 74, 75, 76, 78, 80, 81, 84, 85, 86, 87, 89, 90, 91, 92, 93, 94, 98, 99, 100, 101, 102, 103, 107, 108, 109, 111, 112, 113, 114, 118, 120, 123, 124, 126, 129, 130, 131, 133, 136, 137, 138, 145 ]