%YAML:1.0
---
rvec: !!opencv-matrix
   rows: 3
   cols: 1
   dt: d
   data: [ -1.8983299268868092e+00, 2.3458526120848839e+00,
       6.4166408345216430e-01 ]
tvec: !!opencv-matrix
   rows: 3
   cols: 1
   dt: d
   data: [ -1.2476190483730919e-01, -1.8275873376029719e-01,
       5.4309140707256620e-01 ]
