%YAML:1.0
---
rvec: !!opencv-matrix
   rows: 3
   cols: 1
   dt: d
   data: [ 1.0767261933600805e+00, 1.1786307684677950e+00,
       -1.2667482689906957e+00 ]
tvec: !!opencv-matrix
   rows: 3
   cols: 1
   dt: d
   data: [ 2.4621720345587905e-02, -1.8064359518913450e-01,
       -9.9572462432765785e-01 ]
