%YAML:1.0
---
rvec: !!opencv-matrix
   rows: 3
   cols: 1
   dt: d
   data: [ 1.0770925209267967e+00, 1.1780846621178678e+00,
       -1.2678388851615936e+00 ]
tvec: !!opencv-matrix
   rows: 3
   cols: 1
   dt: d
   data: [ 2.4374327287347633e-02, -1.8076799809025809e-01,
       -9.9584821446279259e-01 ]
