%YAML:1.0
---
rvec: !!opencv-matrix
   rows: 3
   cols: 1
   dt: d
   data: [ -1.3116065630468638e+00, -1.2847905153366161e+00,
       -1.1912318843592296e+00 ]
tvec: !!opencv-matrix
   rows: 3
   cols: 1
   dt: d
   data: [ 5.8242390692058110e-02, 1.8067897488230333e-01,
       9.9229301815662618e-01 ]
