%YAML:1.0
---
rvec: !!opencv-matrix
   rows: 3
   cols: 1
   dt: d
   data: [ 1.7739649397492758e+00, -2.4536023348861384e+00,
       -7.2580743266922776e-01 ]
tvec: !!opencv-matrix
   rows: 3
   cols: 1
   dt: d
   data: [ -1.6288736541659821e-01, -1.7490802609675715e-01,
       5.6316055627220629e-01 ]
