%YAML:1.0
---
rvec: !!opencv-matrix
   rows: 3
   cols: 1
   dt: d
   data: [ -1.3203048740165233e+00, -1.3014064123025608e+00,
       -1.1801793714388680e+00 ]
tvec: !!opencv-matrix
   rows: 3
   cols: 1
   dt: d
   data: [ 5.6397256862543238e-02, 1.8460881468785126e-01,
       9.9117291745603364e-01 ]
