%YAML:1.0
---
rvec: !!opencv-matrix
   rows: 3
   cols: 1
   dt: d
   data: [ -1.3247255427592066e+00, -1.3070727473072428e+00,
       -1.1759818725967988e+00 ]
tvec: !!opencv-matrix
   rows: 3
   cols: 1
   dt: d
   data: [ 5.6403640212251256e-02, 1.8651034791907634e-01,
       9.9058548241609956e-01 ]
