%YAML:1.0
---
rvec: !!opencv-matrix
   rows: 3
   cols: 1
   dt: d
   data: [ -1.3109444690138026e+00, -1.2857117820798603e+00,
       -1.1904949033070011e+00 ]
tvec: !!opencv-matrix
   rows: 3
   cols: 1
   dt: d
   data: [ 5.7998718891260771e-02, 1.8080348727302947e-01,
       9.9241509622926916e-01 ]
