%YAML:1.0
---
rvec: !!opencv-matrix
   rows: 3
   cols: 1
   dt: d
   data: [ -1.3041641481109412e+00, -1.2846864600194039e+00,
       -1.1912102040141870e+00 ]
tvec: !!opencv-matrix
   rows: 3
   cols: 1
   dt: d
   data: [ 5.6525960337130754e-02, 1.7994837467011043e-01,
       9.9761952355385874e-01 ]
