%YAML:1.0
---
rvec: !!opencv-matrix
   rows: 3
   cols: 1
   dt: d
   data: [ -1.8992215213741093e+00, 2.3459800747237902e+00,
       6.3896382475487834e-01 ]
tvec: !!opencv-matrix
   rows: 3
   cols: 1
   dt: d
   data: [ -1.2449702615604741e-01, -1.8310269687880093e-01,
       5.4243248090840712e-01 ]
