%YAML:1.0
---
rvec: !!opencv-matrix
   rows: 3
   cols: 1
   dt: d
   data: [ -1.3036443417262051e+00, -1.2828559795969317e+00,
       -1.1918325063631874e+00 ]
tvec: !!opencv-matrix
   rows: 3
   cols: 1
   dt: d
   data: [ 5.6801493469769496e-02, 1.7951602873026878e-01,
       9.9839221540341072e-01 ]
