%YAML:1.0
---
rvec: !!opencv-matrix
   rows: 3
   cols: 1
   dt: d
   data: [ -1.3182182499430868e+00, -1.2992511616928473e+00,
       -1.1813787154089419e+00 ]
tvec: !!opencv-matrix
   rows: 3
   cols: 1
   dt: d
   data: [ 5.6470020802010620e-02, 1.8406193268894139e-01,
       9.9284622832902181e-01 ]
