%YAML:1.0
---
rvec: !!opencv-matrix
   rows: 3
   cols: 1
   dt: d
   data: [ -1.3237815701876832e+00, -1.3064007365756614e+00,
       -1.1763794931269460e+00 ]
tvec: !!opencv-matrix
   rows: 3
   cols: 1
   dt: d
   data: [ 5.6365919031562614e-02, 1.8632923021015235e-01,
       9.9138530128917701e-01 ]
