%YAML:1.0
---
rvec: !!opencv-matrix
   rows: 3
   cols: 1
   dt: d
   data: [ 1.7753984785987926e+00, -2.4541383482326009e+00,
       -7.2320405931692944e-01 ]
tvec: !!opencv-matrix
   rows: 3
   cols: 1
   dt: d
   data: [ -1.6250831488535775e-01, -1.7517067622943064e-01,
       5.6233521374903062e-01 ]
