%YAML:1.0
---
K: !!opencv-matrix
   rows: 3
   cols: 3
   dt: d
   data: [ 4.9031433200000001e+03, 0., 5.6697676300000001e+02, 0.,
       4.8976674800000001e+03, 6.4509941200000003e+02, 0., 0., 1. ]
DistCoeffs: !!opencv-matrix
   rows: 1
   cols: 5
   dt: d
   data: [ 7.7683319400000006e-02, -3.1600926299999998e+00,
       1.8602438900000001e-03, -6.2624109700000000e-03,
       -9.7705864899999995e+00 ]
rvec: !!opencv-matrix
   rows: 3
   cols: 1
   dt: d
   data: [ -1.3182182499430868e+00, -1.2992511616928473e+00,
       -1.1813787154089419e+00 ]
tvec: !!opencv-matrix
   rows: 3
   cols: 1
   dt: d
   data: [ 5.6470020802010620e-02, 1.8406193268894139e-01,
       9.9284622832902181e-01 ]
rb2wsMat: !!opencv-matrix
   rows: 4
   cols: 4
   dt: f
   data: [ 3.73909473e-01, 9.27394092e-01, -1.14746504e-02, 0.,
       9.26549971e-01, -3.72962654e-01, 4.90302294e-02, 0.,
       4.11907285e-02, -2.89647132e-02, -9.98731375e-01, 0.,
       2.04928786e-01, 4.81591761e-01, -5.64632118e-01, 1. ]
imgFile: "../data/c-arm 2023-05-09/7806.png"
