%YAML:1.0
---
K: !!opencv-matrix
   rows: 3
   cols: 3
   dt: d
   data: [ 4.9031433200000001e+03, 0., 5.6697676300000001e+02, 0.,
       4.8976674800000001e+03, 6.4509941200000003e+02, 0., 0., 1. ]
DistCoeffs: !!opencv-matrix
   rows: 1
   cols: 5
   dt: d
   data: [ 7.7683319400000006e-02, -3.1600926299999998e+00,
       1.8602438900000001e-03, -6.2624109700000000e-03,
       -9.7705864899999995e+00 ]
rvec: !!opencv-matrix
   rows: 3
   cols: 1
   dt: d
   data: [ -1.3182182499430868e+00, -1.2992511616928473e+00,
       -1.1813787154089419e+00 ]
tvec: !!opencv-matrix
   rows: 3
   cols: 1
   dt: d
   data: [ 5.6470020802010620e-02, 1.8406193268894139e-01,
       9.9284622832902181e-01 ]
rb2wsMat: !!opencv-matrix
   rows: 4
   cols: 4
   dt: f
   data: [ 3.06224406e-01, 9.51910973e-01, -9.58677009e-03, 0.,
       9.50551391e-01, -3.05208683e-01, 5.74420653e-02, 0.,
       5.17537706e-02, -2.67028864e-02, -9.98302817e-01, 0.,
       1.78037018e-01, 5.08575618e-01, -5.64245820e-01, 1. ]
imgFile: "../data/c-arm 2023-05-09/7805.png"
