%YAML:1.0
---
K: !!opencv-matrix
   rows: 3
   cols: 3
   dt: d
   data: [ 4.9031433200000001e+03, 0., 5.6697676300000001e+02, 0.,
       4.8976674800000001e+03, 6.4509941200000003e+02, 0., 0., 1. ]
DistCoeffs: !!opencv-matrix
   rows: 1
   cols: 5
   dt: d
   data: [ 7.7683319400000006e-02, -3.1600926299999998e+00,
       1.8602438900000001e-03, -6.2624109700000000e-03,
       -9.7705864899999995e+00 ]
rvec: !!opencv-matrix
   rows: 3
   cols: 1
   dt: d
   data: [ -1.3182182499430868e+00, -1.2992511616928473e+00,
       -1.1813787154089419e+00 ]
tvec: !!opencv-matrix
   rows: 3
   cols: 1
   dt: d
   data: [ 5.6470020802010620e-02, 1.8406193268894139e-01,
       9.9284622832902181e-01 ]
rb2wsMat: !!opencv-matrix
   rows: 4
   cols: 4
   dt: f
   data: [ -4.32130694e-02, 9.98514235e-01, -3.31961736e-02, 0.,
       9.94464636e-01, 4.61757779e-02, 9.43827480e-02, 0.,
       9.57753733e-02, -2.89338380e-02, -9.94982362e-01, 0.,
       7.67121911e-02, 5.99991739e-01, -5.59047997e-01, 1. ]
imgFile: "../data/c-arm 2023-05-09/7807.png"
