%YAML:1.0
---
K: !!opencv-matrix
   rows: 3
   cols: 3
   dt: d
   data: [ 4.9031433200000001e+03, 0., 5.6697676300000001e+02, 0.,
       4.8976674800000001e+03, 6.4509941200000003e+02, 0., 0., 1. ]
DistCoeffs: !!opencv-matrix
   rows: 1
   cols: 5
   dt: d
   data: [ 7.7683319400000006e-02, -3.1600926299999998e+00,
       1.8602438900000001e-03, -6.2624109700000000e-03,
       -9.7705864899999995e+00 ]
rvec: !!opencv-matrix
   rows: 3
   cols: 1
   dt: d
   data: [ -1.3237815701876832e+00, -1.3064007365756614e+00,
       -1.1763794931269460e+00 ]
tvec: !!opencv-matrix
   rows: 3
   cols: 1
   dt: d
   data: [ 5.6365919031562614e-02, 1.8632923021015235e-01,
       9.9138530128917701e-01 ]
rb2wsMat: !!opencv-matrix
   rows: 4
   cols: 4
   dt: f
   data: [ -2.15952873e-01, 9.75346863e-01, -4.54168022e-02, 0.,
       9.69324708e-01, 2.19746113e-01, 1.10096410e-01, 0.,
       1.17362365e-01, -2.02479921e-02, -9.92882729e-01, 0.,
       7.21103745e-03, 6.22825086e-01, -5.72681844e-01, 1. ]
imgFile: "D:/Spine Project/SpineNavi/bin/X64_Release/../../data/c-arm 2023-05-09/7809.png"
