%YAML:1.0
---
K: !!opencv-matrix
   rows: 3
   cols: 3
   dt: d
   data: [ 4.9031433200000001e+03, 0., 5.6697676300000001e+02, 0.,
       4.8976674800000001e+03, 6.4509941200000003e+02, 0., 0., 1. ]
DistCoeffs: !!opencv-matrix
   rows: 1
   cols: 5
   dt: d
   data: [ 7.7683319400000006e-02, -3.1600926299999998e+00,
       1.8602438900000001e-03, -6.2624109700000000e-03,
       -9.7705864899999995e+00 ]
rvec: !!opencv-matrix
   rows: 3
   cols: 1
   dt: d
   data: [ -1.3202072142075318e+00, -1.2987022053732007e+00,
       -1.1813467904330257e+00 ]
tvec: !!opencv-matrix
   rows: 3
   cols: 1
   dt: d
   data: [ 5.6778167365766359e-02, 1.8411744337538033e-01,
       9.8919120432856500e-01 ]
rb2wsMat: !!opencv-matrix
   rows: 4
   cols: 4
   dt: f
   data: [ -2.93788552e-01, 9.54190135e-01, -5.66526204e-02, 0.,
       9.47456837e-01, 2.98537135e-01, 1.14896804e-01, 0.,
       1.26546308e-01, -1.99205354e-02, -9.91760671e-01, 0.,
       -1.47020221e-02, 6.26306355e-01, -5.73320031e-01, 1. ]
imgFile: "E:/Spine Project/SpineNavi/bin/X64_Release/../../data/c-arm 2023-05-09/7810.png"
