%YAML:1.0
---
K: !!opencv-matrix
   rows: 3
   cols: 3
   dt: d
   data: [ 4.8848286099999996e+03, 0., 5.6387435200000004e+02, 0.,
       4.8720961900000002e+03, 6.4527378199999998e+02, 0., 0., 1. ]
DistCoeffs: !!opencv-matrix
   rows: 1
   cols: 5
   dt: d
   data: [ 7.7683319400000006e-02, -3.1600926299999998e+00,
       1.8602438900000001e-03, -6.2624109700000000e-03,
       -9.7705864899999995e+00 ]
rvec: !!opencv-matrix
   rows: 3
   cols: 1
   dt: d
   data: [ -1.3109444690138026e+00, -1.2857117820798603e+00,
       -1.1904949033070011e+00 ]
tvec: !!opencv-matrix
   rows: 3
   cols: 1
   dt: d
   data: [ 5.7998718891260771e-02, 1.8080348727302947e-01,
       9.9241509622926916e-01 ]
rb2wsMat: !!opencv-matrix
   rows: 4
   cols: 4
   dt: f
   data: [ -2.93788552e-01, 9.54190135e-01, -5.66526204e-02, 0.,
       9.47456837e-01, 2.98537135e-01, 1.14896804e-01, 0.,
       1.26546308e-01, -1.99205354e-02, -9.91760671e-01, 0.,
       -1.47020221e-02, 6.26306355e-01, -5.73320031e-01, 1. ]
imgFile: "../data/c-arm 2023-05-09/undist_7810.png"
