%YAML:1.0
---
rvec: !!opencv-matrix
   rows: 3
   cols: 1
   dt: d
   data: [ 1.9186882458388757e+00, 8.3104073954484575e-03,
       -3.3025336197199349e-02 ]
tvec: !!opencv-matrix
   rows: 3
   cols: 1
   dt: d
   data: [ 5.6694383733467260e-02, 2.5454673590210408e-01,
       1.1130438120579165e+00 ]
