%YAML:1.0
---
K: !!opencv-matrix
   rows: 3
   cols: 3
   dt: d
   data: [ 4.9031427000000003e+03, 0., 7.2802150600000004e+02, 0.,
       4.8976669499999998e+03, 6.4509995800000002e+02, 0., 0., 1. ]
DistCoeffs: !!opencv-matrix
   rows: 1
   cols: 5
   dt: d
   data: [ 7.7676976699999997e-02, -3.1595135000000001e+00,
       1.8602709999999999e-03, 6.2622624500000001e-03,
       -9.7853785200000001e+00 ]
rvec: !!opencv-matrix
   rows: 3
   cols: 1
   dt: d
   data: [ 1.9186882458388757e+00, 8.3104073954484575e-03,
       -3.3025336197199349e-02 ]
tvec: !!opencv-matrix
   rows: 3
   cols: 1
   dt: d
   data: [ 5.6694383733467260e-02, 2.5454673590210408e-01,
       1.1130438120579165e+00 ]
rb2wsMat: !!opencv-matrix
   rows: 4
   cols: 4
   dt: f
   data: [ 9.93434608e-01, -8.69901329e-02, 7.42997527e-02, 0.,
       8.74060392e-02, 9.96169984e-01, -2.35835020e-03, 0.,
       -7.38100260e-02, 8.83711409e-03, 9.97233152e-01, 0.,
       9.91999283e-02, 3.71873081e-01, 1.20408964e+00, 1. ]
imgFile: "D:/Spine Project/SpineNavi/bin/X64_Debug/../../data/Tracking 2023-09-25/test1_139061528052482.png"
