%YAML:1.0
---
K: !!opencv-matrix
   rows: 3
   cols: 3
   dt: d
   data: [ 4.9031427000000003e+03, 0., 7.2802150600000004e+02, 0.,
       4.8976669499999998e+03, 6.4509995800000002e+02, 0., 0., 1. ]
DistCoeffs: !!opencv-matrix
   rows: 1
   cols: 5
   dt: d
   data: [ 7.7676976699999997e-02, -3.1595135000000001e+00,
       1.8602709999999999e-03, 6.2622624500000001e-03,
       -9.7853785200000001e+00 ]
rvec: !!opencv-matrix
   rows: 3
   cols: 1
   dt: d
   data: [ 1.9734709312646634e+00, 6.6757959251071220e-03,
       -2.8871704150271540e-02 ]
tvec: !!opencv-matrix
   rows: 3
   cols: 1
   dt: d
   data: [ 5.4450294527457824e-02, 2.2957277150154073e-01,
       1.1281859025634171e+00 ]
rb2wsMat: !!opencv-matrix
   rows: 4
   cols: 4
   dt: f
   data: [ 9.90954041e-01, -8.96972641e-02, 9.98224691e-02, 0.,
       9.00451466e-02, 9.95937169e-01, 1.02415076e-03, 0.,
       -9.95087698e-02, 7.97364302e-03, 9.95004714e-01, 0.,
       7.24977776e-02, 3.02153319e-01, 1.30054593e+00, 1. ]
imgFile: "D:/Spine Project/SpineNavi/bin/X64_Debug/../../data/Tracking 2023-09-25/test3_139061526313596.png"
