%YAML:1.0
---
K: !!opencv-matrix
   rows: 3
   cols: 3
   dt: d
   data: [ 4.9031427000000003e+03, 0., 7.2802150600000004e+02, 0.,
       4.8976669499999998e+03, 6.4509995800000002e+02, 0., 0., 1. ]
DistCoeffs: !!opencv-matrix
   rows: 1
   cols: 5
   dt: d
   data: [ 7.7676976699999997e-02, -3.1595135000000001e+00,
       1.8602709999999999e-03, 6.2622624500000001e-03,
       -9.7853785200000001e+00 ]
rvec: !!opencv-matrix
   rows: 3
   cols: 1
   dt: d
   data: [ 1.9274391493804091e+00, 1.0316808557673376e-02,
       -3.8860465460148666e-02 ]
tvec: !!opencv-matrix
   rows: 3
   cols: 1
   dt: d
   data: [ 5.9149997552868282e-02, 2.5076570649658952e-01,
       1.1143402978939645e+00 ]
rb2wsMat: !!opencv-matrix
   rows: 4
   cols: 4
   dt: f
   data: [ 9.91129339e-01, -8.95460993e-02, 9.82047245e-02, 0.,
       8.97229910e-02, 9.95963335e-01, 2.62251031e-03, 0.,
       -9.80431363e-02, 6.21197373e-03, 9.95162785e-01, 0.,
       6.80657476e-02, 2.30995387e-01, 1.32759702e+00, 1. ]
imgFile: "D:/Spine Project/SpineNavi/bin/X64_Debug/../../data/Tracking 2023-09-25/test3_139061526358209.png"
