%YAML:1.0
---
K: !!opencv-matrix
   rows: 3
   cols: 3
   dt: d
   data: [ 4.9031427000000003e+03, 0., 7.2802150600000004e+02, 0.,
       4.8976669499999998e+03, 6.4509995800000002e+02, 0., 0., 1. ]
DistCoeffs: !!opencv-matrix
   rows: 1
   cols: 5
   dt: d
   data: [ 7.7676976699999997e-02, -3.1595135000000001e+00,
       1.8602709999999999e-03, 6.2622624500000001e-03,
       -9.7853785200000001e+00 ]
rvec: !!opencv-matrix
   rows: 3
   cols: 1
   dt: d
   data: [ 1.9266219111456588e+00, 1.0249487990316181e-02,
       -3.8525451160063590e-02 ]
tvec: !!opencv-matrix
   rows: 3
   cols: 1
   dt: d
   data: [ 5.9006396729529446e-02, 2.5115549994759317e-01,
       1.1137079305744908e+00 ]
rb2wsMat: !!opencv-matrix
   rows: 4
   cols: 4
   dt: f
   data: [ 9.93586540e-01, -8.83301571e-02, 7.05947205e-02, 0.,
       8.86266604e-02, 9.96064365e-01, -1.07276323e-03, 0.,
       -7.02221319e-02, 7.32245762e-03, 9.97504532e-01, 0.,
       9.42472145e-02, 3.11997265e-01, 1.26484299e+00, 1. ]
imgFile: "D:/Spine Project/SpineNavi/bin/X64_Debug/../../data/Tracking 2023-09-25/test1_139061527347563.png"
