%YAML:1.0
---
K: !!opencv-matrix
   rows: 3
   cols: 3
   dt: d
   data: [ 4.9031427000000003e+03, 0., 7.2802150600000004e+02, 0.,
       4.8976669499999998e+03, 6.4509995800000002e+02, 0., 0., 1. ]
DistCoeffs: !!opencv-matrix
   rows: 1
   cols: 5
   dt: d
   data: [ 7.7676976699999997e-02, -3.1595135000000001e+00,
       1.8602709999999999e-03, 6.2622624500000001e-03,
       -9.7853785200000001e+00 ]
rvec: !!opencv-matrix
   rows: 3
   cols: 1
   dt: d
   data: [ 1.9186882458388757e+00, 8.3104073954484575e-03,
       -3.3025336197199349e-02 ]
tvec: !!opencv-matrix
   rows: 3
   cols: 1
   dt: d
   data: [ 5.6694383733467260e-02, 2.5454673590210408e-01,
       1.1130438120579165e+00 ]
rb2wsMat: !!opencv-matrix
   rows: 4
   cols: 4
   dt: f
   data: [ 9.93490338e-01, -8.97501707e-02, 7.01561049e-02, 0.,
       9.02044028e-02, 9.95917737e-01, -3.32704443e-03, 0.,
       -6.95711002e-02, 9.63377487e-03, 9.97530460e-01, 0.,
       9.90512967e-02, 3.83244932e-01, 1.23788190e+00, 1. ]
imgFile: "D:/Spine Project/SpineNavi/bin/X64_Debug/../../data/Tracking 2023-09-25/test3_139061527964073.png"
