%YAML:1.0
---
K: !!opencv-matrix
   rows: 3
   cols: 3
   dt: d
   data: [ 4.9031427000000003e+03, 0., 7.2802150600000004e+02, 0.,
       4.8976669499999998e+03, 6.4509995800000002e+02, 0., 0., 1. ]
DistCoeffs: !!opencv-matrix
   rows: 1
   cols: 5
   dt: d
   data: [ 7.7676976699999997e-02, -3.1595135000000001e+00,
       1.8602709999999999e-03, 6.2622624500000001e-03,
       -9.7853785200000001e+00 ]
rvec: !!opencv-matrix
   rows: 3
   cols: 1
   dt: d
   data: [ 1.9720573900262608e+00, 1.0910900707132439e-02,
       -3.4932910123192017e-02 ]
tvec: !!opencv-matrix
   rows: 3
   cols: 1
   dt: d
   data: [ 5.7375254414741984e-02, 2.3022879409012389e-01,
       1.1269325788041511e+00 ]
rb2wsMat: !!opencv-matrix
   rows: 4
   cols: 4
   dt: f
   data: [ 9.90968168e-01, -8.97751302e-02, 9.96117741e-02, 0.,
       9.01192725e-02, 9.95930433e-01, 1.04861706e-03, 0.,
       -9.93005335e-02, 7.93779362e-03, 9.95025814e-01, 0.,
       7.24866763e-02, 3.02181125e-01, 1.30051327e+00, 1. ]
imgFile: "D:/Spine Project/SpineNavi/bin/X64_Debug/../../data/Tracking 2023-09-25/test3_139061526270433.png"
