%YAML:1.0
---
K: !!opencv-matrix
   rows: 3
   cols: 3
   dt: d
   data: [ 4.9031427000000003e+03, 0., 7.2802150600000004e+02, 0.,
       4.8976669499999998e+03, 6.4509995800000002e+02, 0., 0., 1. ]
DistCoeffs: !!opencv-matrix
   rows: 1
   cols: 5
   dt: d
   data: [ 7.7676976699999997e-02, -3.1595135000000001e+00,
       1.8602709999999999e-03, 6.2622624500000001e-03,
       -9.7853785200000001e+00 ]
rvec: !!opencv-matrix
   rows: 3
   cols: 1
   dt: d
   data: [ 1.9266219111456588e+00, 1.0249487990316181e-02,
       -3.8525451160063590e-02 ]
tvec: !!opencv-matrix
   rows: 3
   cols: 1
   dt: d
   data: [ 5.9006396729529446e-02, 2.5115549994759317e-01,
       1.1137079305744908e+00 ]
rb2wsMat: !!opencv-matrix
   rows: 4
   cols: 4
   dt: f
   data: [ 9.93490756e-01, -8.96541178e-02, 7.02724084e-02, 0.,
       9.01117921e-02, 9.95925963e-01, -3.36369802e-03, 0.,
       -6.96845427e-02, 9.67417564e-03, 9.97522175e-01, 0.,
       9.90099981e-02, 3.83268476e-01, 1.23785233e+00, 1. ]
imgFile: "D:/Spine Project/SpineNavi/bin/X64_Debug/../../data/Tracking 2023-09-25/test1_139061527778103.png"
