%YAML:1.0
---
K: !!opencv-matrix
   rows: 3
   cols: 3
   dt: d
   data: [ 4.9031427000000003e+03, 0., 7.2802150600000004e+02, 0.,
       4.8976669499999998e+03, 6.4509995800000002e+02, 0., 0., 1. ]
DistCoeffs: !!opencv-matrix
   rows: 1
   cols: 5
   dt: d
   data: [ 7.7676976699999997e-02, -3.1595135000000001e+00,
       1.8602709999999999e-03, 6.2622624500000001e-03,
       -9.7853785200000001e+00 ]
rvec: !!opencv-matrix
   rows: 3
   cols: 1
   dt: d
   data: [ 1.9266219111456588e+00, 1.0249487990316181e-02,
       -3.8525451160063590e-02 ]
tvec: !!opencv-matrix
   rows: 3
   cols: 1
   dt: d
   data: [ 5.9006396729529446e-02, 2.5115549994759317e-01,
       1.1137079305744908e+00 ]
rb2wsMat: !!opencv-matrix
   rows: 4
   cols: 4
   dt: f
   data: [ 9.91049409e-01, -8.93609077e-02, 9.91748348e-02, 0.,
       8.96835774e-02, 9.95969594e-01, 1.20885717e-03, 0.,
       -9.88831446e-02, 7.69631611e-03, 9.95069265e-01, 0.,
       7.76548237e-02, 2.93941259e-01, 1.30477023e+00, 1. ]
imgFile: "D:/Spine Project/SpineNavi/bin/X64_Debug/../../data/Tracking 2023-09-25/test1_139061527144834.png"
