%YAML:1.0
---
RB_POSITIONS: !!opencv-matrix
   rows: 9
   cols: 1
   dt: "3f"
   data: [ 4.84885946e-02, -3.51886243e-01, 3.31403315e-01,
       9.73970145e-02, -3.54568899e-01, 3.26945990e-01, 1.57779664e-01,
       -3.39593381e-01, 3.16661358e-01, 4.28206474e-02, -3.81835282e-01,
       2.92931497e-01, 9.24278498e-02, -3.84320319e-01, 2.87948936e-01,
       1.42094791e-01, -3.85932446e-01, 2.82243490e-01, 3.75189409e-02,
       -4.13555503e-01, 2.52328157e-01, 8.71127322e-02, -4.15887266e-01,
       2.47344434e-01, 1.36578619e-01, -4.17555600e-01, 2.41689831e-01 ]
WS_POSITIONS: !!opencv-matrix
   rows: 9
   cols: 1
   dt: "3f"
   data: [ 1.05611876e-01, -2.76486337e-01, 1.55930698e+00,
       1.54332682e-01, -2.78835475e-01, 1.55299330e+00, 2.14214116e-01,
       -2.63382405e-01, 1.54068387e+00, 9.86617282e-02, -3.05916905e-01,
       1.52064586e+00, 1.48060232e-01, -3.08057159e-01, 1.51378417e+00,
       1.97487101e-01, -3.09313953e-01, 1.50621045e+00, 9.20068473e-02,
       -3.37086201e-01, 1.47981572e+00, 1.41391158e-01, -3.39073211e-01,
       1.47295558e+00, 1.90619290e-01, -3.40388089e-01, 1.46543944e+00 ]
MAT_WS2RB: !!opencv-matrix
   rows: 4
   cols: 4
   dt: f
   data: [ 9.99291182e-01, -4.98588663e-03, 3.73142473e-02, 0.,
       5.51903388e-03, 9.99883950e-01, -1.41986879e-02, 0.,
       -3.72391269e-02, 1.43945618e-02, 9.99202669e-01, 0.,
       2.54474347e-03, -9.73509699e-02, -1.23452699e+00, 1. ]
MAT_RB2WS: !!opencv-matrix
   rows: 4
   cols: 4
   dt: f
   data: [ 9.99291122e-01, 5.51903341e-03, -3.72391231e-02, 0.,
       -4.98588663e-03, 9.99883950e-01, 1.43945618e-02, 0.,
       3.73142473e-02, -1.41986879e-02, 9.99202728e-01, 0.,
       4.30371240e-02, 7.97969624e-02, 1.23503876e+00, 1. ]
