%YAML:1.0
---
RB_POSITIONS: !!opencv-matrix
   rows: 9
   cols: 1
   dt: "3f"
   data: [ 4.90642525e-02, -3.32907528e-01, 3.28670412e-01,
       9.79870260e-02, -3.35583746e-01, 3.24292451e-01, 1.58362210e-01,
       -3.20590317e-01, 3.13934833e-01, 4.34600562e-02, -3.63002270e-01,
       2.90421635e-01, 9.30497497e-02, -3.65445435e-01, 2.85316288e-01,
       1.42716378e-01, -3.67040992e-01, 2.79714793e-01, 3.81747559e-02,
       -3.94841552e-01, 2.49867901e-01, 8.77667665e-02, -3.97152543e-01,
       2.44882733e-01, 1.37240976e-01, -3.98815453e-01, 2.39249170e-01 ]
WS_POSITIONS: !!opencv-matrix
   rows: 9
   cols: 1
   dt: "3f"
   data: [ 1.05591670e-01, -2.76486397e-01, 1.55925274e+00,
       1.54326692e-01, -2.78855652e-01, 1.55300367e+00, 2.14210257e-01,
       -2.63400584e-01, 1.54066098e+00, 9.86816958e-02, -3.05940568e-01,
       1.52071989e+00, 1.48054987e-01, -3.08061093e-01, 1.51372325e+00,
       1.97483137e-01, -3.09325188e-01, 1.50624287e+00, 9.20111984e-02,
       -3.37097615e-01, 1.47984183e+00, 1.41390756e-01, -3.39088023e-01,
       1.47296751e+00, 1.90625712e-01, -3.40419799e-01, 1.46546102e+00 ]
MAT_WS2RB: !!opencv-matrix
   rows: 4
   cols: 4
   dt: f
   data: [ 9.99290645e-01, -4.06556623e-03, 3.74417193e-02, 0.,
       4.71643684e-03, 9.99839127e-01, -1.73116736e-02, 0.,
       -3.73653062e-02, 1.74759831e-02, 9.99148965e-01, 0.,
       3.11347074e-03, -8.32857788e-02, -1.23799527e+00, 1. ]
MAT_RB2WS: !!opencv-matrix
   rows: 4
   cols: 4
   dt: f
   data: [ 9.99290526e-01, 4.71643638e-03, -3.73653062e-02, 0.,
       -4.06556576e-03, 9.99839008e-01, 1.74759831e-02, 0.,
       3.74417119e-02, -1.73116717e-02, 9.99148846e-01, 0.,
       4.29027937e-02, 6.18259124e-02, 1.23851335e+00, 1. ]
