%YAML:1.0
---
RB_POSITIONS: !!opencv-matrix
   rows: 9
   cols: 1
   dt: "3f"
   data: [ 5.28922603e-02, -3.51824939e-01, 3.54479015e-01,
       1.01777822e-01, -3.54787499e-01, 3.49904925e-01, 1.62431538e-01,
       -3.39798361e-01, 3.41304302e-01, 4.70110625e-02, -3.77979070e-01,
       3.13320905e-01, 9.66076702e-02, -3.80700409e-01, 3.08296710e-01,
       1.46267861e-01, -3.82504791e-01, 3.02675337e-01, 4.14931104e-02,
       -4.05710876e-01, 2.69935817e-01, 9.10620466e-02, -4.08276439e-01,
       2.64922440e-01, 1.40533537e-01, -4.10118133e-01, 2.59304732e-01 ]
WS_POSITIONS: !!opencv-matrix
   rows: 9
   cols: 1
   dt: "3f"
   data: [ 1.05640151e-01, -2.76501536e-01, 1.55936241e+00,
       1.54353097e-01, -2.78854638e-01, 1.55295861e+00, 2.14244977e-01,
       -2.63402373e-01, 1.54064167e+00, 9.86837968e-02, -3.05935651e-01,
       1.52066016e+00, 1.48083091e-01, -3.08069915e-01, 1.51375902e+00,
       1.97500452e-01, -3.09336215e-01, 1.50618863e+00, 9.20355022e-02,
       -3.37110966e-01, 1.47984767e+00, 1.41404018e-01, -3.39089662e-01,
       1.47294629e+00, 1.90633893e-01, -3.40396583e-01, 1.46539044e+00 ]
MAT_WS2RB: !!opencv-matrix
   rows: 4
   cols: 4
   dt: f
   data: [ 9.98901725e-01, -2.29385421e-02, 4.08558995e-02, 0.,
       1.96567010e-02, 9.96681452e-01, 7.89923966e-02, 0.,
       -4.25322801e-02, -7.81025514e-02, 9.96037662e-01, 0.,
       1.91264767e-02, 4.79724184e-02, -1.18117917e+00, 1. ]
MAT_RB2WS: !!opencv-matrix
   rows: 4
   cols: 4
   dt: f
   data: [ 9.98901725e-01, 1.96567010e-02, -4.25322838e-02, 0.,
       -2.29385402e-02, 9.96681392e-01, -7.81025440e-02, 0.,
       4.08558957e-02, 7.89923966e-02, 9.96037662e-01, 0.,
       3.02530751e-02, 4.51149866e-02, 1.18105912e+00, 1. ]
