%YAML:1.0
---
RB_POSITIONS: !!opencv-matrix
   rows: 9
   cols: 1
   dt: "3f"
   data: [ 1.23566218e-01, -3.38503838e-01, 3.14513087e-01,
       1.84685469e-01, -3.40024203e-01, 3.25344503e-01, 2.41281599e-01,
       -3.41991693e-01, 3.35236520e-01, 1.34287715e-01, -3.54951560e-01,
       2.53884196e-01, 1.92437381e-01, -3.41608584e-01, 2.63483316e-01,
       2.50118971e-01, -3.57832193e-01, 2.72523135e-01, 1.45906806e-01,
       -3.64574671e-01, 1.98076367e-01, 2.04569712e-01, -3.56159210e-01,
       2.08321273e-01, 2.61897117e-01, -3.59267890e-01, 2.12297171e-01 ]
WS_POSITIONS: !!opencv-matrix
   rows: 9
   cols: 1
   dt: "3f"
   data: [ -3.80881988e-02, -6.11563809e-02, 1.73660755e+00,
       2.33418047e-02, -5.97755872e-02, 1.74553168e+00, 8.02146867e-02,
       -5.90657517e-02, 1.75388741e+00, -2.96145268e-02, -1.00210972e-01,
       1.68696606e+00, 2.89746001e-02, -8.55606869e-02, 1.68902671e+00,
       8.67416933e-02, -9.83303934e-02, 1.70214105e+00, -2.00030506e-02,
       -1.31123841e-01, 1.63906884e+00, 3.90649736e-02, -1.20768905e-01,
       1.64363599e+00, 9.64552239e-02, -1.23435758e-01, 1.64697480e+00 ]
MAT_WS2RB: !!opencv-matrix
   rows: 4
   cols: 4
   dt: f
   data: [ 9.99361396e-01, 1.13397762e-02, 3.38856913e-02, 0.,
       -2.36771144e-02, 9.20390964e-01, 3.90281826e-01, 0.,
       -2.67623756e-02, -3.90834898e-01, 9.20071721e-01, 0.,
       2.06657827e-01, 3.96942705e-01, -1.25813150e+00, 1. ]
MAT_RB2WS: !!opencv-matrix
   rows: 4
   cols: 4
   dt: f
   data: [ 9.99361396e-01, -2.36771163e-02, -2.67623737e-02, 0.,
       1.13397744e-02, 9.20390964e-01, -3.90834898e-01, 0.,
       3.38856913e-02, 3.90281826e-01, 9.20071661e-01, 0.,
       -1.68394446e-01, 1.30576402e-01, 1.31824076e+00, 1. ]
