%YAML:1.0
---
RB_POSITIONS: !!opencv-matrix
   rows: 9
   cols: 1
   dt: "3f"
   data: [ 1.21152729e-01, -4.29951966e-01, 3.09756458e-01,
       1.82299182e-01, -4.31403697e-01, 3.20473254e-01, 2.38900512e-01,
       -4.33316380e-01, 3.30290556e-01, 1.31838948e-01, -4.46172893e-01,
       2.49013424e-01, 1.89969510e-01, -4.32787478e-01, 2.58633018e-01,
       2.47689515e-01, -4.48969364e-01, 2.67569244e-01, 1.43399075e-01,
       -4.55607802e-01, 1.93180501e-01, 2.02070057e-01, -4.47163761e-01,
       2.03416824e-01, 2.59397328e-01, -4.50152725e-01, 2.07231343e-01 ]
WS_POSITIONS: !!opencv-matrix
   rows: 9
   cols: 1
   dt: "3f"
   data: [ -3.80915776e-02, -6.11430369e-02, 1.73664796e+00,
       2.33495496e-02, -5.97659647e-02, 1.74553275e+00, 8.02130178e-02,
       -5.90546690e-02, 1.75388646e+00, -2.96068229e-02, -1.00199893e-01,
       1.68695295e+00, 2.89729964e-02, -8.55431631e-02, 1.68906260e+00,
       8.67441669e-02, -9.83208045e-02, 1.70219767e+00, -2.00016741e-02,
       -1.31110415e-01, 1.63907552e+00, 3.90755944e-02, -1.20766118e-01,
       1.64368403e+00, 9.64543745e-02, -1.23422220e-01, 1.64692771e+00 ]
MAT_WS2RB: !!opencv-matrix
   rows: 4
   cols: 4
   dt: f
   data: [ 9.99383092e-01, 1.27158128e-02, 3.27381752e-02, 0.,
       -2.45757699e-02, 9.19116020e-01, 3.93219888e-01, 0.,
       -2.50900686e-02, -3.93781871e-01, 9.18861449e-01, 0.,
       2.01290786e-01, 3.10590416e-01, -1.26069272e+00, 1. ]
MAT_RB2WS: !!opencv-matrix
   rows: 4
   cols: 4
   dt: f
   data: [ 9.99383092e-01, -2.45757680e-02, -2.50900686e-02, 0.,
       1.27158146e-02, 9.19115961e-01, -3.93781841e-01, 0.,
       3.27381752e-02, 3.93219888e-01, 9.18861449e-01, 0.,
       -1.63843244e-01, 2.15207681e-01, 1.28575706e+00, 1. ]
