%YAML:1.0
---
RB_POSITIONS: !!opencv-matrix
   rows: 9
   cols: 1
   dt: "3f"
   data: [ 4.67589945e-02, -4.16292429e-01, 3.44708443e-01,
       9.56742242e-02, -4.18918014e-01, 3.40225667e-01, 1.56057358e-01,
       -4.03873146e-01, 3.30010623e-01, 4.11543734e-02, -4.46191102e-01,
       3.06204110e-01, 9.07676592e-02, -4.48617458e-01, 3.01239282e-01,
       1.40430242e-01, -4.50164199e-01, 2.95542866e-01, 3.59006524e-02,
       -4.77849990e-01, 2.65540123e-01, 8.54987949e-02, -4.80128020e-01,
       2.60604441e-01, 1.34966284e-01, -4.81737912e-01, 2.54932731e-01 ]
WS_POSITIONS: !!opencv-matrix
   rows: 9
   cols: 1
   dt: "3f"
   data: [ 1.05564788e-01, -2.76477724e-01, 1.55931401e+00,
       1.54286101e-01, -2.78813064e-01, 1.55295265e+00, 2.14174494e-01,
       -2.63352096e-01, 1.54065800e+00, 9.86350253e-02, -3.05910766e-01,
       1.52066684e+00, 1.48034811e-01, -3.08037460e-01, 1.51380014e+00,
       1.97452411e-01, -3.09275091e-01, 1.50621176e+00, 9.19817165e-02,
       -3.37074757e-01, 1.47982585e+00, 1.41366839e-01, -3.39053571e-01,
       1.47299075e+00, 1.90590695e-01, -3.40355605e-01, 1.46543360e+00 ]
MAT_WS2RB: !!opencv-matrix
   rows: 4
   cols: 4
   dt: f
   data: [ 9.99274552e-01, -4.27909242e-03, 3.78435664e-02, 0.,
       4.76330984e-03, 9.99907792e-01, -1.27143394e-02, 0.,
       -3.77856717e-02, 1.28853749e-02, 9.99202788e-01, 0.,
       1.50746678e-03, -1.59480825e-01, -1.22087264e+00, 1. ]
MAT_RB2WS: !!opencv-matrix
   rows: 4
   cols: 4
   dt: f
   data: [ 9.99274492e-01, 4.76330984e-03, -3.77856717e-02, 0.,
       -4.27909289e-03, 9.99907851e-01, 1.28853768e-02, 0.,
       3.78435627e-02, -1.27143394e-02, 9.99202788e-01, 0.,
       4.40133624e-02, 1.43936366e-01, 1.22201121e+00, 1. ]
