%YAML:1.0
---
RB_POSITIONS: !!opencv-matrix
   rows: 9
   cols: 1
   dt: "3f"
   data: [ 1.22286633e-01, -3.88125300e-01, 3.11997712e-01,
       1.83425367e-01, -3.89569759e-01, 3.22647840e-01, 2.40025774e-01,
       -3.91503453e-01, 3.32505167e-01, 1.32984757e-01, -4.04425114e-01,
       2.51224250e-01, 1.91120803e-01, -3.91039878e-01, 2.60802299e-01,
       2.48819932e-01, -4.07254070e-01, 2.69814551e-01, 1.44558117e-01,
       -4.13958997e-01, 1.95420086e-01, 2.03211457e-01, -4.05513734e-01,
       2.05615848e-01, 2.60549009e-01, -4.08570170e-01, 2.09477246e-01 ]
WS_POSITIONS: !!opencv-matrix
   rows: 9
   cols: 1
   dt: "3f"
   data: [ -3.80966589e-02, -6.11644760e-02, 1.73667717e+00,
       2.33382583e-02, -5.97930700e-02, 1.74547076e+00, 8.02055597e-02,
       -5.90729266e-02, 1.75384343e+00, -2.96077747e-02, -1.00218721e-01,
       1.68691516e+00, 2.89703738e-02, -8.55548680e-02, 1.68898296e+00,
       8.67350549e-02, -9.83271003e-02, 1.70215201e+00, -1.99983325e-02,
       -1.31124377e-01, 1.63904619e+00, 3.90574001e-02, -1.20774768e-01,
       1.64360642e+00, 9.64499786e-02, -1.23453550e-01, 1.64688742e+00 ]
MAT_WS2RB: !!opencv-matrix
   rows: 4
   cols: 4
   dt: f
   data: [ 9.99382198e-01, 1.20999319e-02, 3.29978205e-02, 0.,
       -2.40691416e-02, 9.19781625e-01, 3.91691834e-01, 0.,
       -2.56113447e-02, -3.92244041e-01, 9.19504583e-01, 0.,
       2.03366220e-01, 3.49794894e-01, -1.25967014e+00, 1. ]
MAT_RB2WS: !!opencv-matrix
   rows: 4
   cols: 4
   dt: f
   data: [ 9.99382198e-01, -2.40691416e-02, -2.56113429e-02, 0.,
       1.20999329e-02, 9.19781625e-01, -3.92244041e-01, 0.,
       3.29978205e-02, 3.91691804e-01, 9.19504583e-01, 0.,
       -1.65906698e-01, 1.76562384e-01, 1.30068588e+00, 1. ]
