%YAML:1.0
---
K: !!opencv-matrix
   rows: 3
   cols: 3
   dt: d
   data: [ 4.8560221952592874e+03, 0., 6.2541367120123323e+02, 0.,
       4.8540880185646720e+03, 7.2792513511262177e+02, 0., 0., 1. ]
DistCoeffs: !!opencv-matrix
   rows: 1
   cols: 5
   dt: d
   data: [ 4.7980458631684000e-02, -3.6841278004798950e+00,
       6.0118568919934725e-03, -2.0253290012300067e-03,
       3.1261139810454268e+00 ]
