%YAML:1.0
---
K: !!opencv-matrix
   rows: 3
   cols: 3
   dt: d
   data: [ 4.9105500054602871e+03, 0., 6.9357738397374646e+02, 0.,
       4.9069075705761115e+03, 6.4240860135880428e+02, 0., 0., 1. ]
DistCoeffs: !!opencv-matrix
   rows: 1
   cols: 5
   dt: d
   data: [ 2.6139080107194190e-01, -1.9981262134574369e+01,
       1.9049831100159907e-03, 3.8002983072780100e-03,
       4.6564609909049807e+02 ]
