%YAML:1.0
---
K: !!opencv-matrix
   rows: 3
   cols: 3
   dt: d
   data: [ 2.6221078861955360e+04, 0., 6.3228356808173459e+01, 0.,
       2.5549770708061322e+04, 3.9822602044313749e+02, 0., 0., 1. ]
DistCoeffs: !!opencv-matrix
   rows: 1
   cols: 5
   dt: d
   data: [ -2.1749691953099529e-01, -2.6268377123810513e+01,
       9.4006822384510511e-03, 2.1391974202226063e-02,
       -1.1440715957491195e-01 ]
