%YAML:1.0
---
K: !!opencv-matrix
   rows: 3
   cols: 3
   dt: d
   data: [ 4.8768373561412636e+03, 0., 7.2670181679890118e+02, 0.,
       4.8769667864301200e+03, 8.2013572026064401e+02, 0., 0., 1. ]
DistCoeffs: !!opencv-matrix
   rows: 1
   cols: 5
   dt: d
   data: [ -2.7270126716150328e-01, 2.2075187040142399e+01,
       1.5185978547672238e-02, 5.1771175440076611e-03,
       -4.8494203655319615e+02 ]
