%YAML:1.0
---
DIST_REF: 4.3774735927581787e-01
ANGLE_REF: 1.6255252838134766e+01
