%YAML:1.0
---
K: !!opencv-matrix
   rows: 3
   cols: 3
   dt: d
   data: [ 4.9248061811183297e+03, 0., 6.0577951270315577e+02, 0.,
       4.9252500250799394e+03, 8.1018819447843509e+02, 0., 0., 1. ]
DistCoeffs: !!opencv-matrix
   rows: 1
   cols: 5
   dt: d
   data: [ -5.9836286461648736e-02, -1.0907241126129339e+00,
       1.3980362378437748e-02, -3.9538426080049692e-03,
       4.9274468725080659e+01 ]
