%YAML:1.0
---
K: !!opencv-matrix
   rows: 3
   cols: 3
   dt: d
   data: [ 5.1240898442074249e+03, 0., 5.8044174867615675e+02, 0.,
       5.1105533762421428e+03, 5.2599893478667934e+02, 0., 0., 1. ]
DistCoeffs: !!opencv-matrix
   rows: 1
   cols: 5
   dt: d
   data: [ 9.5148286582642544e-02, -2.4008231462672995e+00,
       -6.3390633601372193e-03, -4.8101998363626998e-03,
       -4.6534087583571235e+00 ]
