%YAML:1.0
---
rvec: !!opencv-matrix
   rows: 3
   cols: 1
   dt: d
   data: [ 1.9019147447461173e+00, -3.8334140560978824e-01,
       2.7261324766313599e-01 ]
tvec: !!opencv-matrix
   rows: 3
   cols: 1
   dt: d
   data: [ -6.3585316117760013e-02, 1.7802163171311466e-01,
       1.1281159579446893e+00 ]
