%YAML:1.0
---
rvec: !!opencv-matrix
   rows: 3
   cols: 1
   dt: d
   data: [ 1.8893238882510062e+00, -3.7788878543015952e-01,
       2.7151765529858446e-01 ]
tvec: !!opencv-matrix
   rows: 3
   cols: 1
   dt: d
   data: [ -6.0846871779070895e-02, 1.8460784253205761e-01,
       1.1240665429603125e+00 ]
