%YAML:1.0
---
rvec: !!opencv-matrix
   rows: 3
   cols: 1
   dt: d
   data: [ 1.9084819454970114e+00, -3.6789339312698077e-01,
       2.4580399827387439e-01 ]
tvec: !!opencv-matrix
   rows: 3
   cols: 1
   dt: d
   data: [ -5.0856573742786314e-02, 1.7562265235543084e-01,
       1.1321606452042596e+00 ]
