%YAML:1.0
---
rvec: !!opencv-matrix
   rows: 3
   cols: 1
   dt: d
   data: [ 1.8922450228334120e+00, -3.7891916992614705e-01,
       2.7156388612959748e-01 ]
tvec: !!opencv-matrix
   rows: 3
   cols: 1
   dt: d
   data: [ -6.1181451103039172e-02, 1.8043635803270910e-01,
       1.1249377751515668e+00 ]
