%YAML:1.0
---
rvec: !!opencv-matrix
   rows: 3
   cols: 1
   dt: d
   data: [ 1.8911321359228723e+00, -3.7881297975814437e-01,
       2.7177506173362631e-01 ]
tvec: !!opencv-matrix
   rows: 3
   cols: 1
   dt: d
   data: [ -6.1357056355325942e-02, 1.8223046476286764e-01,
       1.1246528132750311e+00 ]
