%YAML:1.0
---
rvec: !!opencv-matrix
   rows: 3
   cols: 1
   dt: d
   data: [ 1.8733217683331753e+00, 4.8315470917019726e-01,
       2.7150497438256088e-01 ]
tvec: !!opencv-matrix
   rows: 3
   cols: 1
   dt: d
   data: [ -7.8987602411397698e-02, 2.0914960994665555e-01,
       1.1246677934390901e+00 ]
