%YAML:1.0
---
rvec: !!opencv-matrix
   rows: 3
   cols: 1
   dt: d
   data: [ 1.5410632485551148e+00, -1.6880693291319822e+00,
       -3.6488008448868325e-01 ]
tvec: !!opencv-matrix
   rows: 3
   cols: 1
   dt: d
   data: [ -2.4885507706688043e-02, 1.4077699856203266e-01,
       4.0142542497469913e-01 ]
