%YAML:1.0
---
rvec: !!opencv-matrix
   rows: 3
   cols: 1
   dt: d
   data: [ 1.9052458902133838e+00, -3.9079204196206102e-01,
       2.9070516685542352e-01 ]
tvec: !!opencv-matrix
   rows: 3
   cols: 1
   dt: d
   data: [ -7.1705552623633623e-02, 1.7263592616353057e-01,
       1.1281199267028015e+00 ]
