%YAML:1.0
---
rvec: !!opencv-matrix
   rows: 3
   cols: 1
   dt: d
   data: [ 1.8990385044707452e+00, -3.9750903714160446e-01,
       2.9341180363438724e-01 ]
tvec: !!opencv-matrix
   rows: 3
   cols: 1
   dt: d
   data: [ -8.8978293325231828e-02, 1.7461995864617708e-01,
       1.1192583677342214e+00 ]
