%YAML:1.0
---
rvec: !!opencv-matrix
   rows: 3
   cols: 1
   dt: d
   data: [ 1.8757376387016977e+00, 4.8619340482432188e-01,
       2.6798930664968118e-01 ]
tvec: !!opencv-matrix
   rows: 3
   cols: 1
   dt: d
   data: [ -7.6653989379957252e-02, 2.1459610671966675e-01,
       1.1243742326533976e+00 ]
