%YAML:1.0
---
K: !!opencv-matrix
   rows: 3
   cols: 3
   dt: d
   data: [ 4.9236377113032204e+03, 0., 6.0662493018912198e+02, 0.,
       4.9233344680668852e+03, 8.0138977768499865e+02, 0., 0., 1. ]
DistCoeffs: !!opencv-matrix
   rows: 1
   cols: 5
   dt: d
   data: [ -6.0858898235502883e-02, -1.0556178780361063e+00,
       1.3415564825748686e-02, -4.0351296524126267e-03,
       5.1288210665137242e+01 ]
rvec: !!opencv-matrix
   rows: 3
   cols: 1
   dt: d
   data: [ 1.8866022992666902e+00, -3.7565766234553183e-01,
       2.6698940876484861e-01 ]
tvec: !!opencv-matrix
   rows: 3
   cols: 1
   dt: d
   data: [ -5.9076370255332224e-02, 1.8419678211548521e-01,
       1.1233929497569279e+00 ]
rb2wsMat: !!opencv-matrix
   rows: 4
   cols: 4
   dt: f
   data: [ 9.20229316e-01, 3.89898300e-01, -3.40198316e-02, 0.,
       -3.91141653e-01, 9.19219613e-01, -4.52054925e-02, 0.,
       1.36461547e-02, 5.49059920e-02, 9.98398304e-01, 0.,
       2.26171970e-01, 1.69112548e-01, 1.47241068e+00, 1. ]
imgFile: "D:\\Spine Project\\SpineNavi\\bin\\X64_Release\\..\\..\\data\\Tracking 2023-11-02/test1_139067493830955.png"
