%YAML:1.0
---
K: !!opencv-matrix
   rows: 3
   cols: 3
   dt: d
   data: [ 4.9105500054602871e+03, 0., 6.9357738397374646e+02, 0.,
       4.9069075705761115e+03, 6.4240860135880428e+02, 0., 0., 1. ]
DistCoeffs: !!opencv-matrix
   rows: 1
   cols: 5
   dt: d
   data: [ 2.6139080107194190e-01, -1.9981262134574369e+01,
       1.9049831100159907e-03, 3.8002983072780100e-03,
       4.6564609909049807e+02 ]
rvec: !!opencv-matrix
   rows: 3
   cols: 1
   dt: d
   data: [ 1.8757376387016977e+00, 4.8619340482432188e-01,
       2.6798930664968118e-01 ]
tvec: !!opencv-matrix
   rows: 3
   cols: 1
   dt: d
   data: [ -7.6653989379957252e-02, 2.1459610671966675e-01,
       1.1243742326533976e+00 ]
rb2wsMat: !!opencv-matrix
   rows: 4
   cols: 4
   dt: f
   data: [ 8.88797760e-01, -6.20014146e-02, -4.54086274e-01, 0.,
       2.07342952e-01, 9.38006818e-01, 2.77762622e-01, 0.,
       4.08714384e-01, -3.41026396e-01, 8.46553922e-01, 0.,
       1.09574772e-01, 7.21158013e-02, 1.53482330e+00, 1. ]
imgFile: "C:\\Users\\rlaak\\OneDrive\\Desktop\\biospine\\SpineNavi\\bin\\X64_Release\\..\\..\\data\\Tracking 2023-11-02/test1_139067065421697.png"
