%YAML:1.0
---
K: !!opencv-matrix
   rows: 3
   cols: 3
   dt: d
   data: [ 4.9207502485278455e+03, 0., 6.0728068677556496e+02, 0.,
       4.9217065396176995e+03, 8.1401212519385138e+02, 0., 0., 1. ]
DistCoeffs: !!opencv-matrix
   rows: 1
   cols: 5
   dt: d
   data: [ -8.0898144841779124e-02, 1.0435686938662621e+00,
       1.4257357513986640e-02, -3.9395255781461153e-03,
       -4.2558745932303549e-01 ]
rvec: !!opencv-matrix
   rows: 3
   cols: 1
   dt: d
   data: [ 1.8135616583893960e+01, -6.9560065432162830e+01,
       1.7412769287167485e+01 ]
tvec: !!opencv-matrix
   rows: 3
   cols: 1
   dt: d
   data: [ -5.8716007117816034e+01, -5.2455377728854586e+01,
       4.7893173243354902e+01 ]
rb2wsMat: !!opencv-matrix
   rows: 4
   cols: 4
   dt: f
   data: [ 9.97714221e-01, -6.67149872e-02, 1.07438527e-02, 0.,
       6.66910410e-02, 9.97770369e-01, 2.57280632e-03, 0.,
       -1.08915418e-02, -1.85040687e-03, 9.99938965e-01, 0.,
       -1.03103496e-01, 7.95978457e-02, 1.41743612e+00, 1. ]
imgFile: "test2_139068137116447.png"
