%YAML:1.0
---
K: !!opencv-matrix
   rows: 3
   cols: 3
   dt: d
   data: [ 4.9207502485278455e+03, 0., 6.0728068677556496e+02, 0.,
       4.9217065396176995e+03, 8.1401212519385138e+02, 0., 0., 1. ]
DistCoeffs: !!opencv-matrix
   rows: 1
   cols: 5
   dt: d
   data: [ -8.0898144841779124e-02, 1.0435686938662621e+00,
       1.4257357513986640e-02, -3.9395255781461153e-03,
       -4.2558745932303549e-01 ]
rvec: !!opencv-matrix
   rows: 3
   cols: 1
   dt: d
   data: [ 1.7006343285385048e+00, 1.2181359414382219e-01,
       -5.1448022212609232e-02 ]
tvec: !!opencv-matrix
   rows: 3
   cols: 1
   dt: d
   data: [ -5.8455409475371721e-02, 1.7471682856975182e-01,
       1.1306955768006632e+00 ]
rb2wsMat: !!opencv-matrix
   rows: 4
   cols: 4
   dt: f
   data: [ 9.97714877e-01, -6.67115822e-02, 1.07040228e-02, 0.,
       6.66871741e-02, 9.97770488e-01, 2.62112450e-03, 0.,
       -1.08550182e-02, -1.90131413e-03, 9.99939263e-01, 0.,
       -1.03088818e-01, 7.96027854e-02, 1.41741109e+00, 1. ]
imgFile: "test1_139068136800984.png"
