%YAML:1.0
---
K: !!opencv-matrix
   rows: 3
   cols: 3
   dt: d
   data: [ 4.9236377113032204e+03, 0., 6.0662493018912198e+02, 0.,
       4.9233344680668852e+03, 8.0138977768499865e+02, 0., 0., 1. ]
DistCoeffs: !!opencv-matrix
   rows: 1
   cols: 5
   dt: d
   data: [ -6.0858898235502883e-02, -1.0556178780361063e+00,
       1.3415564825748686e-02, -4.0351296524126267e-03,
       5.1288210665137242e+01 ]
rvec: !!opencv-matrix
   rows: 3
   cols: 1
   dt: d
   data: [ 1.8944919598981691e+00, -3.7531640167569830e-01,
       2.6268650438364327e-01 ]
tvec: !!opencv-matrix
   rows: 3
   cols: 1
   dt: d
   data: [ -5.7554133002768806e-02, 1.8029924074676687e-01,
       1.1268919752847806e+00 ]
rb2wsMat: !!opencv-matrix
   rows: 4
   cols: 4
   dt: f
   data: [ 9.21472669e-01, 3.83495659e-01, -6.17994443e-02, 0.,
       -3.85973364e-01, 9.21863973e-01, -3.45157832e-02, 0.,
       4.37340289e-02, 5.56582958e-02, 9.97491598e-01, 0.,
       2.18727946e-01, 1.62864134e-01, 1.44692981e+00, 1. ]
imgFile: "D:\\Spine Project\\SpineNavi\\bin\\X64_Release\\..\\..\\data\\Tracking 2023-11-02/test1_139067493828297.png"
