%YAML:1.0
---
K: !!opencv-matrix
   rows: 3
   cols: 3
   dt: d
   data: [ 4.9207502485278455e+03, 0., 6.0728068677556496e+02, 0.,
       4.9217065396176995e+03, 8.1401212519385138e+02, 0., 0., 1. ]
DistCoeffs: !!opencv-matrix
   rows: 1
   cols: 5
   dt: d
   data: [ -8.0898144841779124e-02, 1.0435686938662621e+00,
       1.4257357513986640e-02, -3.9395255781461153e-03,
       -4.2558745932303549e-01 ]
rvec: !!opencv-matrix
   rows: 3
   cols: 1
   dt: d
   data: [ -2.7573134058045880e+03, 1.6390989056135745e+03,
       -2.3671817181517476e+03 ]
tvec: !!opencv-matrix
   rows: 3
   cols: 1
   dt: d
   data: [ 3.8268452464251823e+03, -6.5950820944054130e+03,
       2.5263246047279451e+05 ]
rb2wsMat: !!opencv-matrix
   rows: 4
   cols: 4
   dt: f
   data: [ 1., -4.69508996e-05, 8.26836185e-05, 0., 4.69366605e-05, 1.,
       1.72242697e-04, 0., -8.26917094e-05, -1.72238826e-04, 1., 0.,
       -1.11046955e-01, 1.49640113e-01, 1.36541760e+00, 1. ]
imgFile: "test2_139068134982276.png"
