%YAML:1.0
---
K: !!opencv-matrix
   rows: 3
   cols: 3
   dt: d
   data: [ 4.9248061811183297e+03, 0., 6.0577951270315577e+02, 0.,
       4.9252500250799394e+03, 8.1018819447843509e+02, 0., 0., 1. ]
DistCoeffs: !!opencv-matrix
   rows: 1
   cols: 5
   dt: d
   data: [ -5.9836286461648736e-02, -1.0907241126129339e+00,
       1.3980362378437748e-02, -3.9538426080049692e-03,
       4.9274468725080659e+01 ]
rvec: !!opencv-matrix
   rows: 3
   cols: 1
   dt: d
   data: [ 1.8928788684322080e+00, -3.7905231728712313e-01,
       2.7134530637520321e-01 ]
tvec: !!opencv-matrix
   rows: 3
   cols: 1
   dt: d
   data: [ -6.1160402644183751e-02, 1.8022627178503151e-01,
       1.1251239700890681e+00 ]
rb2wsMat: !!opencv-matrix
   rows: 4
   cols: 4
   dt: f
   data: [ 9.99697447e-01, 1.68788079e-02, -1.78919937e-02, 0.,
       -1.74563732e-02, 9.99314964e-01, -3.26317176e-02, 0.,
       1.73289534e-02, 3.29341739e-02, 9.99307275e-01, 0.,
       4.24277306e-01, 1.39756739e-01, 1.37146997e+00, 1. ]
imgFile: "D:\\Spine Project\\SpineNavi\\bin\\X64_Release\\..\\..\\data\\Tracking 2023-11-02/test1_139067493660673.png"
