%YAML:1.0
---
K: !!opencv-matrix
   rows: 3
   cols: 3
   dt: d
   data: [ 4.9248061811183297e+03, 0., 6.0577951270315577e+02, 0.,
       4.9252500250799394e+03, 8.1018819447843509e+02, 0., 0., 1. ]
DistCoeffs: !!opencv-matrix
   rows: 1
   cols: 5
   dt: d
   data: [ -5.9836286461648736e-02, -1.0907241126129339e+00,
       1.3980362378437748e-02, -3.9538426080049692e-03,
       4.9274468725080659e+01 ]
rvec: !!opencv-matrix
   rows: 3
   cols: 1
   dt: d
   data: [ 1.9060036377359630e+00, -3.8428412562804715e-01,
       2.7216636240740472e-01 ]
tvec: !!opencv-matrix
   rows: 3
   cols: 1
   dt: d
   data: [ -6.3765748794644111e-02, 1.7334006502767318e-01,
       1.1292855020854180e+00 ]
rb2wsMat: !!opencv-matrix
   rows: 4
   cols: 4
   dt: f
   data: [ 9.72000897e-01, 2.19545275e-01, -8.37507024e-02, 0.,
       -2.20239520e-01, 9.75445330e-01, 9.71914269e-04, 0.,
       8.19076076e-02, 1.75005123e-02, 9.96486247e-01, 0.,
       2.95423865e-01, 1.94601804e-01, 1.37180436e+00, 1. ]
imgFile: "D:\\Spine Project\\SpineNavi\\bin\\X64_Release\\..\\..\\data\\Tracking 2023-11-02/test1_139067493005857.png"
