%YAML:1.0
---
K: !!opencv-matrix
   rows: 3
   cols: 3
   dt: d
   data: [ 4.9207502485278455e+03, 0., 6.0728068677556496e+02, 0.,
       4.9217065396176995e+03, 8.1401212519385138e+02, 0., 0., 1. ]
DistCoeffs: !!opencv-matrix
   rows: 1
   cols: 5
   dt: d
   data: [ -8.0898144841779124e-02, 1.0435686938662621e+00,
       1.4257357513986640e-02, -3.9395255781461153e-03,
       -4.2558745932303549e-01 ]
rvec: !!opencv-matrix
   rows: 3
   cols: 1
   dt: d
   data: [ 1.5410632485551148e+00, -1.6880693291319822e+00,
       -3.6488008448868325e-01 ]
tvec: !!opencv-matrix
   rows: 3
   cols: 1
   dt: d
   data: [ -2.4885507706688043e-02, 1.4077699856203266e-01,
       4.0142542497469913e-01 ]
rb2wsMat: !!opencv-matrix
   rows: 4
   cols: 4
   dt: f
   data: [ 9.99999821e-01, 4.62432828e-04, -2.96122395e-04, 0.,
       -4.62611235e-04, 9.99999702e-01, -6.02728280e-04, 0.,
       2.95843580e-04, 6.02865184e-04, 9.99999762e-01, 0.,
       -1.03175320e-01, 7.40761533e-02, 1.41832972e+00, 1. ]
imgFile: "test2_139068137736815.png"
