%YAML:1.0
---
K: !!opencv-matrix
   rows: 3
   cols: 3
   dt: d
   data: [ 4.9207502485278455e+03, 0., 6.0728068677556496e+02, 0.,
       4.9217065396176995e+03, 8.1401212519385138e+02, 0., 0., 1. ]
DistCoeffs: !!opencv-matrix
   rows: 1
   cols: 5
   dt: d
   data: [ -8.0898144841779124e-02, 1.0435686938662621e+00,
       1.4257357513986640e-02, -3.9395255781461153e-03,
       -4.2558745932303549e-01 ]
rvec: !!opencv-matrix
   rows: 3
   cols: 1
   dt: d
   data: [ 1.3637427296438875e+00, 1.7400976701417146e+00,
       3.2281681716813526e-01 ]
tvec: !!opencv-matrix
   rows: 3
   cols: 1
   dt: d
   data: [ 1.6733900318966103e-02, 1.0793132265355344e-01,
       1.1638962178370926e+00 ]
rb2wsMat: !!opencv-matrix
   rows: 4
   cols: 4
   dt: f
   data: [ 9.99999821e-01, 5.43196395e-04, -2.55778490e-04, 0.,
       -5.43363334e-04, 9.99999642e-01, -6.52996125e-04, 0.,
       2.55423714e-04, 6.53135008e-04, 9.99999762e-01, 0.,
       -1.03168875e-01, 7.40720257e-02, 1.41831470e+00, 1. ]
imgFile: "test2_139068137519630.png"
