%YAML:1.0
---
K: !!opencv-matrix
   rows: 3
   cols: 3
   dt: d
   data: [ 4.9207502485278455e+03, 0., 6.0728068677556496e+02, 0.,
       4.9217065396176995e+03, 8.1401212519385138e+02, 0., 0., 1. ]
DistCoeffs: !!opencv-matrix
   rows: 1
   cols: 5
   dt: d
   data: [ -8.0898144841779124e-02, 1.0435686938662621e+00,
       1.4257357513986640e-02, -3.9395255781461153e-03,
       -4.2558745932303549e-01 ]
rvec: !!opencv-matrix
   rows: 3
   cols: 1
   dt: d
   data: [ -5.7431878162873395e-01, -1.5377425206518461e-01,
       1.5758013274898348e+00 ]
tvec: !!opencv-matrix
   rows: 3
   cols: 1
   dt: d
   data: [ 8.2206557611601949e-02, 1.0714487263601828e-01,
       -2.3852019455782614e+01 ]
rb2wsMat: !!opencv-matrix
   rows: 4
   cols: 4
   dt: f
   data: [ 9.05566096e-01, 4.11207765e-01, 1.04202896e-01, 0.,
       -4.24096137e-01, 8.83164406e-01, 2.00407356e-01, 0.,
       -9.61923227e-03, -2.25674152e-01, 9.74155366e-01, 0.,
       -1.62517875e-01, 1.47688672e-01, 1.36387908e+00, 1. ]
imgFile: "test1_139068133947415.png"
