%YAML:1.0
---
K: !!opencv-matrix
   rows: 3
   cols: 3
   dt: d
   data: [ 4.9248061811183297e+03, 0., 6.0577951270315577e+02, 0.,
       4.9252500250799394e+03, 8.1018819447843509e+02, 0., 0., 1. ]
DistCoeffs: !!opencv-matrix
   rows: 1
   cols: 5
   dt: d
   data: [ -5.9836286461648736e-02, -1.0907241126129339e+00,
       1.3980362378437748e-02, -3.9538426080049692e-03,
       4.9274468725080659e+01 ]
rvec: !!opencv-matrix
   rows: 3
   cols: 1
   dt: d
   data: [ 1.8949758374734262e+00, -3.7827525732193606e-01,
       2.6890958927435266e-01 ]
tvec: !!opencv-matrix
   rows: 3
   cols: 1
   dt: d
   data: [ -6.0085370440904173e-02, 1.7920309218676259e-01,
       1.1261002113423915e+00 ]
rb2wsMat: !!opencv-matrix
   rows: 4
   cols: 4
   dt: f
   data: [ 7.86346793e-01, 6.16287589e-01, 4.29924056e-02, 0.,
       -5.84807277e-01, 7.20133007e-01, 3.73375058e-01, 0.,
       1.99146152e-01, -3.18744540e-01, 9.26683724e-01, 0.,
       1.13619808e-02, 3.21884871e-01, 1.63313305e+00, 1. ]
imgFile: "D:\\Spine Project\\SpineNavi\\bin\\X64_Release\\..\\..\\data\\Tracking 2023-11-02/test1_139067493652204.png"
