%YAML:1.0
---
K: !!opencv-matrix
   rows: 3
   cols: 3
   dt: d
   data: [ 4.9248061811183297e+03, 0., 6.0577951270315577e+02, 0.,
       4.9252500250799394e+03, 8.1018819447843509e+02, 0., 0., 1. ]
DistCoeffs: !!opencv-matrix
   rows: 1
   cols: 5
   dt: d
   data: [ -5.9836286461648736e-02, -1.0907241126129339e+00,
       1.3980362378437748e-02, -3.9538426080049692e-03,
       4.9274468725080659e+01 ]
rvec: !!opencv-matrix
   rows: 3
   cols: 1
   dt: d
   data: [ 1.8933138445934377e+00, -3.7699451338999979e-01,
       2.6595670934534099e-01 ]
tvec: !!opencv-matrix
   rows: 3
   cols: 1
   dt: d
   data: [ -5.8893988627526025e-02, 1.7997116451498826e-01,
       1.1256254750777583e+00 ]
rb2wsMat: !!opencv-matrix
   rows: 4
   cols: 4
   dt: f
   data: [ 9.35278177e-01, 3.52249444e-01, 3.42783555e-02, 0.,
       -3.41856480e-01, 8.74102771e-01, 3.45077515e-01, 0.,
       9.15905610e-02, -3.34461749e-01, 9.37948048e-01, 0.,
       2.17838988e-01, 2.78369546e-01, 1.63428223e+00, 1. ]
imgFile: "D:\\Spine Project\\SpineNavi\\bin\\X64_Release\\..\\..\\data\\Tracking 2023-11-02/test1_139067493630150.png"
