%YAML:1.0
---
K: !!opencv-matrix
   rows: 3
   cols: 3
   dt: d
   data: [ 4.9207502485278455e+03, 0., 6.0728068677556496e+02, 0.,
       4.9217065396176995e+03, 8.1401212519385138e+02, 0., 0., 1. ]
DistCoeffs: !!opencv-matrix
   rows: 1
   cols: 5
   dt: d
   data: [ -8.0898144841779124e-02, 1.0435686938662621e+00,
       1.4257357513986640e-02, -3.9395255781461153e-03,
       -4.2558745932303549e-01 ]
rvec: !!opencv-matrix
   rows: 3
   cols: 1
   dt: d
   data: [ 1.8977090020292469e+00, -3.8127638451381618e-01,
       2.7370452972614484e-01 ]
tvec: !!opencv-matrix
   rows: 3
   cols: 1
   dt: d
   data: [ -6.2379876228039012e-02, 1.7711739522880926e-01,
       1.1272531079352390e+00 ]
rb2wsMat: !!opencv-matrix
   rows: 4
   cols: 4
   dt: f
   data: [ 9.05550957e-01, 4.11203623e-01, 1.04350664e-01, 0.,
       -4.24125075e-01, 8.83159459e-01, 2.00367838e-01, 0.,
       -9.76629555e-03, -2.25701034e-01, 9.74147677e-01, 0.,
       -1.62427545e-01, 1.47736415e-01, 1.36399174e+00, 1. ]
imgFile: "test1_139068133846941.png"
