%YAML:1.0
---
K: !!opencv-matrix
   rows: 3
   cols: 3
   dt: d
   data: [ 4.9207502485278455e+03, 0., 6.0728068677556496e+02, 0.,
       4.9217065396176995e+03, 8.1401212519385138e+02, 0., 0., 1. ]
DistCoeffs: !!opencv-matrix
   rows: 1
   cols: 5
   dt: d
   data: [ -8.0898144841779124e-02, 1.0435686938662621e+00,
       1.4257357513986640e-02, -3.9395255781461153e-03,
       -4.2558745932303549e-01 ]
rvec: !!opencv-matrix
   rows: 3
   cols: 1
   dt: d
   data: [ -2.7573134058045880e+03, 1.6390989056135745e+03,
       -2.3671817181517476e+03 ]
tvec: !!opencv-matrix
   rows: 3
   cols: 1
   dt: d
   data: [ 3.8268452464251823e+03, -6.5950820944054130e+03,
       2.5263246047279451e+05 ]
rb2wsMat: !!opencv-matrix
   rows: 4
   cols: 4
   dt: f
   data: [ 1., -5.24197203e-05, -1.43062862e-04, 0., 5.24399911e-05, 1.,
       1.41690252e-04, 0., 1.43055440e-04, -1.41697761e-04, 1., 0.,
       -1.56343326e-01, 1.56100675e-01, 1.39693463e+00, 1. ]
imgFile: "test2_139068135255897.png"
