%YAML:1.0
---
K: !!opencv-matrix
   rows: 3
   cols: 3
   dt: d
   data: [ 4.9236377113032204e+03, 0., 6.0662493018912198e+02, 0.,
       4.9233344680668852e+03, 8.0138977768499865e+02, 0., 0., 1. ]
DistCoeffs: !!opencv-matrix
   rows: 1
   cols: 5
   dt: d
   data: [ -6.0858898235502883e-02, -1.0556178780361063e+00,
       1.3415564825748686e-02, -4.0351296524126267e-03,
       5.1288210665137242e+01 ]
rvec: !!opencv-matrix
   rows: 3
   cols: 1
   dt: d
   data: [ 1.8911321359228723e+00, -3.7881297975814437e-01,
       2.7177506173362631e-01 ]
tvec: !!opencv-matrix
   rows: 3
   cols: 1
   dt: d
   data: [ -6.1357056355325942e-02, 1.8223046476286764e-01,
       1.1246528132750311e+00 ]
rb2wsMat: !!opencv-matrix
   rows: 4
   cols: 4
   dt: f
   data: [ 9.15512085e-01, 3.63488227e-01, -1.72377437e-01, 0.,
       -3.93233091e-01, 8.98996294e-01, -1.92804098e-01, 0.,
       8.48846436e-02, 2.44298995e-01, 9.65977550e-01, 0.,
       1.89760968e-01, 1.11338317e-01, 1.31188643e+00, 1. ]
imgFile: "D:\\Spine Project\\SpineNavi\\bin\\X64_Release\\..\\..\\data\\Tracking 2023-11-02/test1_139067493866947.png"
