%YAML:1.0
---
K: !!opencv-matrix
   rows: 3
   cols: 3
   dt: d
   data: [ 4.9207502485278455e+03, 0., 6.0728068677556496e+02, 0.,
       4.9217065396176995e+03, 8.1401212519385138e+02, 0., 0., 1. ]
DistCoeffs: !!opencv-matrix
   rows: 1
   cols: 5
   dt: d
   data: [ -8.0898144841779124e-02, 1.0435686938662621e+00,
       1.4257357513986640e-02, -3.9395255781461153e-03,
       -4.2558745932303549e-01 ]
rvec: !!opencv-matrix
   rows: 3
   cols: 1
   dt: d
   data: [ 1.7038448287622343e+00, 1.2386215867210805e-01,
       -5.7442566134352384e-02 ]
tvec: !!opencv-matrix
   rows: 3
   cols: 1
   dt: d
   data: [ -5.5260052119086418e-02, 1.7306928066301080e-01,
       1.1322743765014764e+00 ]
rb2wsMat: !!opencv-matrix
   rows: 4
   cols: 4
   dt: f
   data: [ 9.98299062e-01, 5.81131838e-02, -4.67936136e-03, 0.,
       -5.81290685e-02, 9.98303533e-01, -3.33284307e-03, 0.,
       4.47774120e-03, 3.59918084e-03, 9.99983490e-01, 0.,
       -1.93207666e-01, 1.55952632e-01, 1.39514923e+00, 1. ]
imgFile: "test1_139068135672043.png"
