%YAML:1.0
---
K: !!opencv-matrix
   rows: 3
   cols: 3
   dt: d
   data: [ 4.9236377113032204e+03, 0., 6.0662493018912198e+02, 0.,
       4.9233344680668852e+03, 8.0138977768499865e+02, 0., 0., 1. ]
DistCoeffs: !!opencv-matrix
   rows: 1
   cols: 5
   dt: d
   data: [ -6.0858898235502883e-02, -1.0556178780361063e+00,
       1.3415564825748686e-02, -4.0351296524126267e-03,
       5.1288210665137242e+01 ]
rvec: !!opencv-matrix
   rows: 3
   cols: 1
   dt: d
   data: [ 1.8929612936968656e+00, -3.7770293164297292e-01,
       2.6914822637455804e-01 ]
tvec: !!opencv-matrix
   rows: 3
   cols: 1
   dt: d
   data: [ -6.0030838939406639e-02, 1.8139356515377139e-01,
       1.1255797120343438e+00 ]
rb2wsMat: !!opencv-matrix
   rows: 4
   cols: 4
   dt: f
   data: [ 7.86346793e-01, 6.16287589e-01, 4.29924056e-02, 0.,
       -5.84807277e-01, 7.20133007e-01, 3.73375058e-01, 0.,
       1.99146152e-01, -3.18744540e-01, 9.26683724e-01, 0.,
       1.13619808e-02, 3.21884871e-01, 1.63313305e+00, 1. ]
imgFile: "D:\\Spine Project\\SpineNavi\\bin\\X64_Release\\..\\..\\data\\Tracking 2023-11-02/test1_139067493850278.png"
