%YAML:1.0
---
K: !!opencv-matrix
   rows: 3
   cols: 3
   dt: d
   data: [ 4.9207502485278455e+03, 0., 6.0728068677556496e+02, 0.,
       4.9217065396176995e+03, 8.1401212519385138e+02, 0., 0., 1. ]
DistCoeffs: !!opencv-matrix
   rows: 1
   cols: 5
   dt: d
   data: [ -8.0898144841779124e-02, 1.0435686938662621e+00,
       1.4257357513986640e-02, -3.9395255781461153e-03,
       -4.2558745932303549e-01 ]
rvec: !!opencv-matrix
   rows: 3
   cols: 1
   dt: d
   data: [ 1.7089263552792842e+00, 1.2255504358777140e-01,
       -5.4621417198187597e-02 ]
tvec: !!opencv-matrix
   rows: 3
   cols: 1
   dt: d
   data: [ -5.6670097833281342e-02, 1.7046241739462833e-01,
       1.1343694740395316e+00 ]
rb2wsMat: !!opencv-matrix
   rows: 4
   cols: 4
   dt: f
   data: [ 9.97635126e-01, -6.79025576e-02, 1.06501989e-02, 0.,
       6.78687319e-02, 9.97688115e-01, 3.50690656e-03, 0.,
       -1.08637046e-02, -2.77579785e-03, 9.99937117e-01, 0.,
       -1.03703335e-01, 1.14887312e-01, 1.41157448e+00, 1. ]
imgFile: "test1_139068135850417.png"
