%YAML:1.0
---
K: !!opencv-matrix
   rows: 3
   cols: 3
   dt: d
   data: [ 4.9236377113032204e+03, 0., 6.0662493018912198e+02, 0.,
       4.9233344680668852e+03, 8.0138977768499865e+02, 0., 0., 1. ]
DistCoeffs: !!opencv-matrix
   rows: 1
   cols: 5
   dt: d
   data: [ -6.0858898235502883e-02, -1.0556178780361063e+00,
       1.3415564825748686e-02, -4.0351296524126267e-03,
       5.1288210665137242e+01 ]
rvec: !!opencv-matrix
   rows: 3
   cols: 1
   dt: d
   data: [ 1.8912127778194365e+00, -3.7638328314357727e-01,
       2.6634657757881824e-01 ]
tvec: !!opencv-matrix
   rows: 3
   cols: 1
   dt: d
   data: [ -5.8892347812306012e-02, 1.8220657762386741e-01,
       1.1250130475516227e+00 ]
rb2wsMat: !!opencv-matrix
   rows: 4
   cols: 4
   dt: f
   data: [ 9.35278177e-01, 3.52249444e-01, 3.42783555e-02, 0.,
       -3.41856480e-01, 8.74102771e-01, 3.45077515e-01, 0.,
       9.15905610e-02, -3.34461749e-01, 9.37948048e-01, 0.,
       2.17838988e-01, 2.78369546e-01, 1.63428223e+00, 1. ]
imgFile: "D:\\Spine Project\\SpineNavi\\bin\\X64_Release\\..\\..\\data\\Tracking 2023-11-02/test1_139067493844925.png"
