%YAML:1.0
---
K: !!opencv-matrix
   rows: 3
   cols: 3
   dt: d
   data: [ 4.9236377113032204e+03, 0., 6.0662493018912198e+02, 0.,
       4.9233344680668852e+03, 8.0138977768499865e+02, 0., 0., 1. ]
DistCoeffs: !!opencv-matrix
   rows: 1
   cols: 5
   dt: d
   data: [ -6.0858898235502883e-02, -1.0556178780361063e+00,
       1.3415564825748686e-02, -4.0351296524126267e-03,
       5.1288210665137242e+01 ]
rvec: !!opencv-matrix
   rows: 3
   cols: 1
   dt: d
   data: [ 1.8938574213579809e+00, -3.7413355846395840e-01,
       2.6160742202404180e-01 ]
tvec: !!opencv-matrix
   rows: 3
   cols: 1
   dt: d
   data: [ -5.7121315194462584e-02, 1.8106983796525658e-01,
       1.1261786823327777e+00 ]
rb2wsMat: !!opencv-matrix
   rows: 4
   cols: 4
   dt: f
   data: [ 9.20521915e-01, 3.89287651e-01, -3.30835581e-02, 0.,
       -3.90466213e-01, 9.19559717e-01, -4.41144183e-02, 0.,
       1.32491123e-02, 5.35262972e-02, 9.98478532e-01, 0.,
       2.23922148e-01, 2.39010453e-01, 1.45551324e+00, 1. ]
imgFile: "D:\\Spine Project\\SpineNavi\\bin\\X64_Release\\..\\..\\data\\Tracking 2023-11-02/test1_139067493833846.png"
