%YAML:1.0
---
K: !!opencv-matrix
   rows: 3
   cols: 3
   dt: d
   data: [ 4.9207502485278455e+03, 0., 6.0728068677556496e+02, 0.,
       4.9217065396176995e+03, 8.1401212519385138e+02, 0., 0., 1. ]
DistCoeffs: !!opencv-matrix
   rows: 1
   cols: 5
   dt: d
   data: [ -8.0898144841779124e-02, 1.0435686938662621e+00,
       1.4257357513986640e-02, -3.9395255781461153e-03,
       -4.2558745932303549e-01 ]
rvec: !!opencv-matrix
   rows: 3
   cols: 1
   dt: d
   data: [ 1.7016516788492657e+00, 1.2157921746249417e-01,
       -5.1644159019632062e-02 ]
tvec: !!opencv-matrix
   rows: 3
   cols: 1
   dt: d
   data: [ -5.8365579039150635e-02, 1.7420924885958439e-01,
       1.1313244612476927e+00 ]
rb2wsMat: !!opencv-matrix
   rows: 4
   cols: 4
   dt: f
   data: [ 9.97675955e-01, -6.72934130e-02, 1.06895817e-02, 0.,
       6.72727153e-02, 9.97731984e-01, 2.28460017e-03, 0.,
       -1.08190766e-02, -1.56017346e-03, 9.99940276e-01, 0.,
       -1.02972522e-01, 8.45355317e-02, 1.41659284e+00, 1. ]
imgFile: "test1_139068135910197.png"
