%YAML:1.0
---
K: !!opencv-matrix
   rows: 3
   cols: 3
   dt: d
   data: [ 4.9236377113032204e+03, 0., 6.0662493018912198e+02, 0.,
       4.9233344680668852e+03, 8.0138977768499865e+02, 0., 0., 1. ]
DistCoeffs: !!opencv-matrix
   rows: 1
   cols: 5
   dt: d
   data: [ -6.0858898235502883e-02, -1.0556178780361063e+00,
       1.3415564825748686e-02, -4.0351296524126267e-03,
       5.1288210665137242e+01 ]
rvec: !!opencv-matrix
   rows: 3
   cols: 1
   dt: d
   data: [ 1.8909606257420561e+00, -3.7868364032200674e-01,
       2.7190813424538240e-01 ]
tvec: !!opencv-matrix
   rows: 3
   cols: 1
   dt: d
   data: [ -6.1282189331595086e-02, 1.8236333123553969e-01,
       1.1246047556238417e+00 ]
rb2wsMat: !!opencv-matrix
   rows: 4
   cols: 4
   dt: f
   data: [ 9.99697447e-01, 1.68788079e-02, -1.78919937e-02, 0.,
       -1.74563732e-02, 9.99314964e-01, -3.26317176e-02, 0.,
       1.73289534e-02, 3.29341739e-02, 9.99307275e-01, 0.,
       4.24277306e-01, 1.39756739e-01, 1.37146997e+00, 1. ]
imgFile: "D:\\Spine Project\\SpineNavi\\bin\\X64_Release\\..\\..\\data\\Tracking 2023-11-02/test1_139067493853375.png"
