%YAML:1.0
---
K: !!opencv-matrix
   rows: 3
   cols: 3
   dt: d
   data: [ 4.9236377113032204e+03, 0., 6.0662493018912198e+02, 0.,
       4.9233344680668852e+03, 8.0138977768499865e+02, 0., 0., 1. ]
DistCoeffs: !!opencv-matrix
   rows: 1
   cols: 5
   dt: d
   data: [ -6.0858898235502883e-02, -1.0556178780361063e+00,
       1.3415564825748686e-02, -4.0351296524126267e-03,
       5.1288210665137242e+01 ]
rvec: !!opencv-matrix
   rows: 3
   cols: 1
   dt: d
   data: [ 1.9120766168955550e+00, -3.8616720208427963e-01,
       2.7163969069743599e-01 ]
tvec: !!opencv-matrix
   rows: 3
   cols: 1
   dt: d
   data: [ -6.4033063923615921e-02, 1.7101890213151005e-01,
       1.1321434360672937e+00 ]
rb2wsMat: !!opencv-matrix
   rows: 4
   cols: 4
   dt: f
   data: [ 9.22394872e-01, 3.64692926e-01, -1.27227232e-01, 0.,
       -3.63126874e-01, 9.31038857e-01, 3.61316949e-02, 0.,
       1.31630465e-01, 1.28719378e-02, 9.91215289e-01, 0.,
       1.94302812e-01, 2.11698234e-01, 1.37952614e+00, 1. ]
imgFile: "D:\\Spine Project\\SpineNavi\\bin\\X64_Release\\..\\..\\data\\Tracking 2023-11-02/test1_139067493819512.png"
