%YAML:1.0
---
K: !!opencv-matrix
   rows: 3
   cols: 3
   dt: d
   data: [ 4.9105500054602871e+03, 0., 6.9357738397374646e+02, 0.,
       4.9069075705761115e+03, 6.4240860135880428e+02, 0., 0., 1. ]
DistCoeffs: !!opencv-matrix
   rows: 1
   cols: 5
   dt: d
   data: [ 2.6139080107194190e-01, -1.9981262134574369e+01,
       1.9049831100159907e-03, 3.8002983072780100e-03,
       4.6564609909049807e+02 ]
rvec: !!opencv-matrix
   rows: 3
   cols: 1
   dt: d
   data: [ 1.8757376387016977e+00, 4.8619340482432188e-01,
       2.6798930664968118e-01 ]
tvec: !!opencv-matrix
   rows: 3
   cols: 1
   dt: d
   data: [ -7.6653989379957252e-02, 2.1459610671966675e-01,
       1.1243742326533976e+00 ]
rb2wsMat: !!opencv-matrix
   rows: 4
   cols: 4
   dt: f
   data: [ 8.89526188e-01, -6.06422648e-02, -4.52841759e-01, 0.,
       2.06110418e-01, 9.37828600e-01, 2.79277653e-01, 0.,
       4.07751918e-01, -3.41760188e-01, 8.46722126e-01, 0.,
       1.09807551e-01, 3.95880528e-02, 1.53560746e+00, 1. ]
imgFile: "C:\\Users\\rlaak\\OneDrive\\Desktop\\biospine\\SpineNavi\\bin\\X64_Release\\..\\..\\data\\Tracking 2023-11-02/test1_139067065489155.png"
