%YAML:1.0
---
K: !!opencv-matrix
   rows: 3
   cols: 3
   dt: d
   data: [ 4.9248061811183297e+03, 0., 6.0577951270315577e+02, 0.,
       4.9252500250799394e+03, 8.1018819447843509e+02, 0., 0., 1. ]
DistCoeffs: !!opencv-matrix
   rows: 1
   cols: 5
   dt: d
   data: [ -5.9836286461648736e-02, -1.0907241126129339e+00,
       1.3980362378437748e-02, -3.9538426080049692e-03,
       4.9274468725080659e+01 ]
rvec: !!opencv-matrix
   rows: 3
   cols: 1
   dt: d
   data: [ 1.8976805154442808e+00, -3.7547160605897034e-01,
       2.6129589751183246e-01 ]
tvec: !!opencv-matrix
   rows: 3
   cols: 1
   dt: d
   data: [ -5.7221306493797058e-02, 1.7762390805541392e-01,
       1.1279984445768807e+00 ]
rb2wsMat: !!opencv-matrix
   rows: 4
   cols: 4
   dt: f
   data: [ 9.21472669e-01, 3.83495659e-01, -6.17994443e-02, 0.,
       -3.85973364e-01, 9.21863973e-01, -3.45157832e-02, 0.,
       4.37340289e-02, 5.56582958e-02, 9.97491598e-01, 0.,
       2.18727946e-01, 1.62864134e-01, 1.44692981e+00, 1. ]
imgFile: "D:\\Spine Project\\SpineNavi\\bin\\X64_Release\\..\\..\\data\\Tracking 2023-11-02/test1_139067493527417.png"
