%YAML:1.0
---
K: !!opencv-matrix
   rows: 3
   cols: 3
   dt: d
   data: [ 4.9236377113032204e+03, 0., 6.0662493018912198e+02, 0.,
       4.9233344680668852e+03, 8.0138977768499865e+02, 0., 0., 1. ]
DistCoeffs: !!opencv-matrix
   rows: 1
   cols: 5
   dt: d
   data: [ -6.0858898235502883e-02, -1.0556178780361063e+00,
       1.3415564825748686e-02, -4.0351296524126267e-03,
       5.1288210665137242e+01 ]
rvec: !!opencv-matrix
   rows: 3
   cols: 1
   dt: d
   data: [ 1.8923677246858781e+00, -3.7788693253437733e-01,
       2.7000520518777227e-01 ]
tvec: !!opencv-matrix
   rows: 3
   cols: 1
   dt: d
   data: [ -6.0740809089026800e-02, 1.8153587006494701e-01,
       1.1251631196437137e+00 ]
rb2wsMat: !!opencv-matrix
   rows: 4
   cols: 4
   dt: f
   data: [ 9.35525775e-01, 3.51675808e-01, 3.34009938e-02, 0.,
       -3.41153562e-01, 8.74881864e-01, 3.43796402e-01, 0.,
       9.16829407e-02, -3.33025247e-01, 9.38449979e-01, 0.,
       2.15937093e-01, 3.50956798e-01, 1.61714876e+00, 1. ]
imgFile: "D:\\Spine Project\\SpineNavi\\bin\\X64_Release\\..\\..\\data\\Tracking 2023-11-02/test1_139067493836685.png"
