%YAML:1.0
---
K: !!opencv-matrix
   rows: 3
   cols: 3
   dt: d
   data: [ 4.9248061811183297e+03, 0., 6.0577951270315577e+02, 0.,
       4.9252500250799394e+03, 8.1018819447843509e+02, 0., 0., 1. ]
DistCoeffs: !!opencv-matrix
   rows: 1
   cols: 5
   dt: d
   data: [ -5.9836286461648736e-02, -1.0907241126129339e+00,
       1.3980362378437748e-02, -3.9538426080049692e-03,
       4.9274468725080659e+01 ]
rvec: !!opencv-matrix
   rows: 3
   cols: 1
   dt: d
   data: [ 1.9034287219732409e+00, -3.8511932529279552e-01,
       2.7394523852502273e-01 ]
tvec: !!opencv-matrix
   rows: 3
   cols: 1
   dt: d
   data: [ -6.4447089747429631e-02, 1.7431464692605361e-01,
       1.1287558055750349e+00 ]
rb2wsMat: !!opencv-matrix
   rows: 4
   cols: 4
   dt: f
   data: [ 9.22394872e-01, 3.64692926e-01, -1.27227232e-01, 0.,
       -3.63126874e-01, 9.31038857e-01, 3.61316949e-02, 0.,
       1.31630465e-01, 1.28719378e-02, 9.91215289e-01, 0.,
       1.94302812e-01, 2.11698234e-01, 1.37952614e+00, 1. ]
imgFile: "D:\\Spine Project\\SpineNavi\\bin\\X64_Release\\..\\..\\data\\Tracking 2023-11-02/test1_139067493481264.png"
