%YAML:1.0
---
K: !!opencv-matrix
   rows: 3
   cols: 3
   dt: d
   data: [ 4.9248061811183297e+03, 0., 6.0577951270315577e+02, 0.,
       4.9252500250799394e+03, 8.1018819447843509e+02, 0., 0., 1. ]
DistCoeffs: !!opencv-matrix
   rows: 1
   cols: 5
   dt: d
   data: [ -5.9836286461648736e-02, -1.0907241126129339e+00,
       1.3980362378437748e-02, -3.9538426080049692e-03,
       4.9274468725080659e+01 ]
rvec: !!opencv-matrix
   rows: 3
   cols: 1
   dt: d
   data: [ 1.9033135363657494e+00, -3.8373772316149968e-01,
       2.7229193081181269e-01 ]
tvec: !!opencv-matrix
   rows: 3
   cols: 1
   dt: d
   data: [ -6.3050740991034318e-02, 1.7439490528501483e-01,
       1.1283607398284456e+00 ]
rb2wsMat: !!opencv-matrix
   rows: 4
   cols: 4
   dt: f
   data: [ 9.15512085e-01, 3.63488227e-01, -1.72377437e-01, 0.,
       -3.93233091e-01, 8.98996294e-01, -1.92804098e-01, 0.,
       8.48846436e-02, 2.44298995e-01, 9.65977550e-01, 0.,
       1.89760968e-01, 1.11338317e-01, 1.31188643e+00, 1. ]
imgFile: "D:\\Spine Project\\SpineNavi\\bin\\X64_Release\\..\\..\\data\\Tracking 2023-11-02/test1_139067493035212.png"
