%YAML:1.0
---
K: !!opencv-matrix
   rows: 3
   cols: 3
   dt: d
   data: [ 4.9207502485278455e+03, 0., 6.0728068677556496e+02, 0.,
       4.9217065396176995e+03, 8.1401212519385138e+02, 0., 0., 1. ]
DistCoeffs: !!opencv-matrix
   rows: 1
   cols: 5
   dt: d
   data: [ -8.0898144841779124e-02, 1.0435686938662621e+00,
       1.4257357513986640e-02, -3.9395255781461153e-03,
       -4.2558745932303549e-01 ]
rvec: !!opencv-matrix
   rows: 3
   cols: 1
   dt: d
   data: [ 1.6656685546906107e+01, 5.3416510222305689e+01,
       -4.8402249181364221e+00 ]
tvec: !!opencv-matrix
   rows: 3
   cols: 1
   dt: d
   data: [ -4.3891719929336375e+02, 7.5973051562208059e+02,
       -3.0943907891627474e+04 ]
rb2wsMat: !!opencv-matrix
   rows: 4
   cols: 4
   dt: f
   data: [ 9.05556202e-01, 4.11227316e-01, 1.04211919e-01, 0.,
       -4.24116760e-01, 8.83165061e-01, 2.00360700e-01, 0.,
       -9.64253396e-03, -2.25635901e-01, 9.74164009e-01, 0.,
       -1.62533402e-01, 1.47674099e-01, 1.36384046e+00, 1. ]
imgFile: "test2_139068134001521.png"
