%YAML:1.0
---
K: !!opencv-matrix
   rows: 3
   cols: 3
   dt: d
   data: [ 4.9207502485278455e+03, 0., 6.0728068677556496e+02, 0.,
       4.9217065396176995e+03, 8.1401212519385138e+02, 0., 0., 1. ]
DistCoeffs: !!opencv-matrix
   rows: 1
   cols: 5
   dt: d
   data: [ -8.0898144841779124e-02, 1.0435686938662621e+00,
       1.4257357513986640e-02, -3.9395255781461153e-03,
       -4.2558745932303549e-01 ]
rvec: !!opencv-matrix
   rows: 3
   cols: 1
   dt: d
   data: [ 1.7088471036322506e+00, 1.2262210988706154e-01,
       -5.6675443414139923e-02 ]
tvec: !!opencv-matrix
   rows: 3
   cols: 1
   dt: d
   data: [ -5.5711668107589020e-02, 1.7098478882956150e-01,
       1.1341507969513986e+00 ]
rb2wsMat: !!opencv-matrix
   rows: 4
   cols: 4
   dt: f
   data: [ 9.99633074e-01, -2.66171061e-02, 5.01980912e-03, 0.,
       2.66098008e-02, 9.99644756e-01, 1.51684752e-03, 0.,
       -5.05840033e-03, -1.38271495e-03, 9.99986231e-01, 0.,
       -1.37327403e-01, 1.63196355e-01, 1.39931262e+00, 1. ]
imgFile: "test1_139068135770674.png"
