%YAML:1.0
---
K: !!opencv-matrix
   rows: 3
   cols: 3
   dt: d
   data: [ 4.9207502485278455e+03, 0., 6.0728068677556496e+02, 0.,
       4.9217065396176995e+03, 8.1401212519385138e+02, 0., 0., 1. ]
DistCoeffs: !!opencv-matrix
   rows: 1
   cols: 5
   dt: d
   data: [ -8.0898144841779124e-02, 1.0435686938662621e+00,
       1.4257357513986640e-02, -3.9395255781461153e-03,
       -4.2558745932303549e-01 ]
rvec: !!opencv-matrix
   rows: 3
   cols: 1
   dt: d
   data: [ 1.7011080765666466e+00, 1.2190743165847248e-01,
       -5.1467516938441558e-02 ]
tvec: !!opencv-matrix
   rows: 3
   cols: 1
   dt: d
   data: [ -5.8447203737931809e-02, 1.7453145041694479e-01,
       1.1308203351227046e+00 ]
rb2wsMat: !!opencv-matrix
   rows: 4
   cols: 4
   dt: f
   data: [ 1., -6.51794471e-05, -6.63639221e-05, 0., 6.51789669e-05, 1.,
       -7.21804099e-06, 0., 6.63643877e-05, 7.21371543e-06, 1., 0.,
       -1.03109501e-01, 7.95907378e-02, 1.41745651e+00, 1. ]
imgFile: "test1_139068137393530.png"
