%YAML:1.0
---
K: !!opencv-matrix
   rows: 3
   cols: 3
   dt: d
   data: [ 4.9236377113032204e+03, 0., 6.0662493018912198e+02, 0.,
       4.9233344680668852e+03, 8.0138977768499865e+02, 0., 0., 1. ]
DistCoeffs: !!opencv-matrix
   rows: 1
   cols: 5
   dt: d
   data: [ -6.0858898235502883e-02, -1.0556178780361063e+00,
       1.3415564825748686e-02, -4.0351296524126267e-03,
       5.1288210665137242e+01 ]
rvec: !!opencv-matrix
   rows: 3
   cols: 1
   dt: d
   data: [ 1.9032143976415195e+00, -3.7456381440124459e-01,
       2.5811663158126430e-01 ]
tvec: !!opencv-matrix
   rows: 3
   cols: 1
   dt: d
   data: [ -5.5862159752058049e-02, 1.7595765034376021e-01,
       1.1291335193398524e+00 ]
rb2wsMat: !!opencv-matrix
   rows: 4
   cols: 4
   dt: f
   data: [ 9.15394127e-01, 3.63379419e-01, -1.73230991e-01, 0.,
       -3.93271863e-01, 8.99139643e-01, -1.92055032e-01, 0.,
       8.59699994e-02, 2.43932918e-01, 9.65974092e-01, 0.,
       1.91183507e-01, 6.23065233e-02, 1.32248700e+00, 1. ]
imgFile: "D:\\Spine Project\\SpineNavi\\bin\\X64_Release\\..\\..\\data\\Tracking 2023-11-02/test1_139067493825405.png"
