%YAML:1.0
---
K: !!opencv-matrix
   rows: 3
   cols: 3
   dt: d
   data: [ 4.9248061811183297e+03, 0., 6.0577951270315577e+02, 0.,
       4.9252500250799394e+03, 8.1018819447843509e+02, 0., 0., 1. ]
DistCoeffs: !!opencv-matrix
   rows: 1
   cols: 5
   dt: d
   data: [ -5.9836286461648736e-02, -1.0907241126129339e+00,
       1.3980362378437748e-02, -3.9538426080049692e-03,
       4.9274468725080659e+01 ]
rvec: !!opencv-matrix
   rows: 3
   cols: 1
   dt: d
   data: [ 1.8960252316342037e+00, -3.7487935251423699e-01,
       2.6125843964579121e-01 ]
tvec: !!opencv-matrix
   rows: 3
   cols: 1
   dt: d
   data: [ -5.7148217492843337e-02, 1.7878081238421648e-01,
       1.1268832857734057e+00 ]
rb2wsMat: !!opencv-matrix
   rows: 4
   cols: 4
   dt: f
   data: [ 9.20521915e-01, 3.89287651e-01, -3.30835581e-02, 0.,
       -3.90466213e-01, 9.19559717e-01, -4.41144183e-02, 0.,
       1.32491123e-02, 5.35262972e-02, 9.98478532e-01, 0.,
       2.23922148e-01, 2.39010453e-01, 1.45551324e+00, 1. ]
imgFile: "D:\\Spine Project\\SpineNavi\\bin\\X64_Release\\..\\..\\data\\Tracking 2023-11-02/test1_139067493569276.png"
