%YAML:1.0
---
K: !!opencv-matrix
   rows: 3
   cols: 3
   dt: d
   data: [ 4.9207502485278455e+03, 0., 6.0728068677556496e+02, 0.,
       4.9217065396176995e+03, 8.1401212519385138e+02, 0., 0., 1. ]
DistCoeffs: !!opencv-matrix
   rows: 1
   cols: 5
   dt: d
   data: [ -8.0898144841779124e-02, 1.0435686938662621e+00,
       1.4257357513986640e-02, -3.9395255781461153e-03,
       -4.2558745932303549e-01 ]
rvec: !!opencv-matrix
   rows: 3
   cols: 1
   dt: d
   data: [ 1.7006772355807349e+00, 1.2169462460665197e-01,
       -5.1248579988456895e-02 ]
tvec: !!opencv-matrix
   rows: 3
   cols: 1
   dt: d
   data: [ -5.8547307304103541e-02, 1.7468760192956598e-01,
       1.1308869328338931e+00 ]
rb2wsMat: !!opencv-matrix
   rows: 4
   cols: 4
   dt: f
   data: [ 9.97680783e-01, -6.73144907e-02, 1.00897811e-02, 0.,
       6.72975332e-02, 9.97730911e-01, 2.01146398e-03, 0.,
       -1.02022868e-02, -1.32778171e-03, 9.99947071e-01, 0.,
       -1.02966934e-01, 8.45227018e-02, 1.41659665e+00, 1. ]
imgFile: "test1_139068135951574.png"
