%YAML:1.0
---
K: !!opencv-matrix
   rows: 3
   cols: 3
   dt: d
   data: [ 4.9248061811183297e+03, 0., 6.0577951270315577e+02, 0.,
       4.9252500250799394e+03, 8.1018819447843509e+02, 0., 0., 1. ]
DistCoeffs: !!opencv-matrix
   rows: 1
   cols: 5
   dt: d
   data: [ -5.9836286461648736e-02, -1.0907241126129339e+00,
       1.3980362378437748e-02, -3.9538426080049692e-03,
       4.9274468725080659e+01 ]
rvec: !!opencv-matrix
   rows: 3
   cols: 1
   dt: d
   data: [ 1.8930396234702580e+00, -3.7574830956436200e-01,
       2.6351196790865411e-01 ]
tvec: !!opencv-matrix
   rows: 3
   cols: 1
   dt: d
   data: [ -5.7648349881146317e-02, 1.8018908388723934e-01,
       1.1257367086069079e+00 ]
rb2wsMat: !!opencv-matrix
   rows: 4
   cols: 4
   dt: f
   data: [ 9.37027514e-01, 3.48702580e-01, 1.96471997e-02, 0.,
       -3.33167106e-01, 8.75570536e-01, 3.49822670e-01, 0.,
       1.04781538e-01, -3.34339291e-01, 9.36609864e-01, 0.,
       2.12313503e-01, 2.75018871e-01, 1.62105763e+00, 1. ]
imgFile: "D:\\Spine Project\\SpineNavi\\bin\\X64_Release\\..\\..\\data\\Tracking 2023-11-02/test1_139067493637814.png"
