%YAML:1.0
---
K: !!opencv-matrix
   rows: 3
   cols: 3
   dt: d
   data: [ 4.9207502485278455e+03, 0., 6.0728068677556496e+02, 0.,
       4.9217065396176995e+03, 8.1401212519385138e+02, 0., 0., 1. ]
DistCoeffs: !!opencv-matrix
   rows: 1
   cols: 5
   dt: d
   data: [ -8.0898144841779124e-02, 1.0435686938662621e+00,
       1.4257357513986640e-02, -3.9395255781461153e-03,
       -4.2558745932303549e-01 ]
rvec: !!opencv-matrix
   rows: 3
   cols: 1
   dt: d
   data: [ 1.7038448287622343e+00, 1.2386215867210805e-01,
       -5.7442566134352384e-02 ]
tvec: !!opencv-matrix
   rows: 3
   cols: 1
   dt: d
   data: [ -5.5260052119086418e-02, 1.7306928066301080e-01,
       1.1322743765014764e+00 ]
rb2wsMat: !!opencv-matrix
   rows: 4
   cols: 4
   dt: f
   data: [ 1., -7.08493972e-05, -7.90140475e-05, 0., 7.08620573e-05, 1.,
       1.60214186e-04, 0., 7.90026970e-05, -1.60219774e-04, 1., 0.,
       -1.56339556e-01, 1.56085327e-01, 1.39694226e+00, 1. ]
imgFile: "test1_139068135389681.png"
