%YAML:1.0
---
K: !!opencv-matrix
   rows: 3
   cols: 3
   dt: d
   data: [ 4.9236377113032204e+03, 0., 6.0662493018912198e+02, 0.,
       4.9233344680668852e+03, 8.0138977768499865e+02, 0., 0., 1. ]
DistCoeffs: !!opencv-matrix
   rows: 1
   cols: 5
   dt: d
   data: [ -6.0858898235502883e-02, -1.0556178780361063e+00,
       1.3415564825748686e-02, -4.0351296524126267e-03,
       5.1288210665137242e+01 ]
rvec: !!opencv-matrix
   rows: 3
   cols: 1
   dt: d
   data: [ 1.8911321359228723e+00, -3.7881297975814437e-01,
       2.7177506173362631e-01 ]
tvec: !!opencv-matrix
   rows: 3
   cols: 1
   dt: d
   data: [ -6.1357056355325942e-02, 1.8223046476286764e-01,
       1.1246528132750311e+00 ]
rb2wsMat: !!opencv-matrix
   rows: 4
   cols: 4
   dt: f
   data: [ 9.72000897e-01, 2.19545275e-01, -8.37507024e-02, 0.,
       -2.20239520e-01, 9.75445330e-01, 9.71914269e-04, 0.,
       8.19076076e-02, 1.75005123e-02, 9.96486247e-01, 0.,
       2.95423865e-01, 1.94601804e-01, 1.37180436e+00, 1. ]
imgFile: "D:\\Spine Project\\SpineNavi\\bin\\X64_Release\\..\\..\\data\\Tracking 2023-11-02/test1_139067493857005.png"
