%YAML:1.0
---
K: !!opencv-matrix
   rows: 3
   cols: 3
   dt: d
   data: [ 4.9248061811183297e+03, 0., 6.0577951270315577e+02, 0.,
       4.9252500250799394e+03, 8.1018819447843509e+02, 0., 0., 1. ]
DistCoeffs: !!opencv-matrix
   rows: 1
   cols: 5
   dt: d
   data: [ -5.9836286461648736e-02, -1.0907241126129339e+00,
       1.3980362378437748e-02, -3.9538426080049692e-03,
       4.9274468725080659e+01 ]
rvec: !!opencv-matrix
   rows: 3
   cols: 1
   dt: d
   data: [ 1.8894422279255081e+00, -3.7527507359825335e-01,
       2.6429261456348413e-01 ]
tvec: !!opencv-matrix
   rows: 3
   cols: 1
   dt: d
   data: [ -5.8108150316602686e-02, 1.8167566241826161e-01,
       1.1245930737162202e+00 ]
rb2wsMat: !!opencv-matrix
   rows: 4
   cols: 4
   dt: f
   data: [ 9.20229316e-01, 3.89898300e-01, -3.40198316e-02, 0.,
       -3.91141653e-01, 9.19219613e-01, -4.52054925e-02, 0.,
       1.36461547e-02, 5.49059920e-02, 9.98398304e-01, 0.,
       2.26171970e-01, 1.69112548e-01, 1.47241068e+00, 1. ]
imgFile: "D:\\Spine Project\\SpineNavi\\bin\\X64_Release\\..\\..\\data\\Tracking 2023-11-02/test1_139067493548357.png"
