%YAML:1.0
---
ToolPos: !!opencv-matrix
   rows: 1
   cols: 3
   dt: f
   data: [ -3.17870304e-02, 1.63734362e-01, -2.31666565e-01 ]
ToolVec: !!opencv-matrix
   rows: 1
   cols: 3
   dt: f
   data: [ 9.10061717e-01, 9.22857895e-02, -4.04067904e-01 ]
