%YAML:1.0
---
ToolPos: !!opencv-matrix
   rows: 1
   cols: 3
   dt: f
   data: [ 4.42597009e-02, 1.00534566e-01, -1.64242670e-01 ]
ToolVec: !!opencv-matrix
   rows: 1
   cols: 3
   dt: f
   data: [ 9.88648772e-01, -5.43161668e-02, 1.40082985e-01 ]
