%YAML:1.0
---
rvec: !!opencv-matrix
   rows: 3
   cols: 1
   dt: d
   data: [ 1.0741274709995576e+00, 1.1759134164617637e+00,
       -1.2719165322274499e+00 ]
tvec: !!opencv-matrix
   rows: 3
   cols: 1
   dt: d
   data: [ 2.4998906484961433e-02, -1.8435139255901745e-01,
       -9.9546676909156107e-01 ]
