%YAML:1.0
---
rvec: !!opencv-matrix
   rows: 3
   cols: 1
   dt: d
   data: [ -1.3108296949805558e+00, -1.2915207834104099e+00,
       -1.1898573260716596e+00 ]
tvec: !!opencv-matrix
   rows: 3
   cols: 1
   dt: d
   data: [ 5.7793664664234301e-02, 1.8427320690607940e-01,
       9.9446450146994214e-01 ]
