%YAML:1.0
---
K: !!opencv-matrix
   rows: 3
   cols: 3
   dt: d
   data: [ 4.9031433200000001e+03, 0., 5.6697676300000001e+02, 0.,
       4.8976674800000001e+03, 6.4509941200000003e+02, 0., 0., 1. ]
DistCoeffs: !!opencv-matrix
   rows: 1
   cols: 5
   dt: d
   data: [ -4.4114790700000003e-02, 1.0189881900000000e+00,
       6.7924207699999995e-04, -1.1699043300000000e-02,
       3.4274857600000003e-01 ]
rvec: !!opencv-matrix
   rows: 3
   cols: 1
   dt: d
   data: [ -1.3108296949805558e+00, -1.2915207834104099e+00,
       -1.1898573260716596e+00 ]
tvec: !!opencv-matrix
   rows: 3
   cols: 1
   dt: d
   data: [ 5.7793664664234301e-02, 1.8427320690607940e-01,
       9.9446450146994214e-01 ]
rb2wsMat: !!opencv-matrix
   rows: 4
   cols: 4
   dt: f
   data: [ 4.74701136e-01, 8.66516352e-01, -1.54299423e-01, 0.,
       -8.71509552e-01, 4.38262641e-01, -2.19993249e-01, 0.,
       -1.23004094e-01, 2.38904461e-01, 9.63221073e-01, 0.,
       7.03350380e-02, 4.00200784e-01, -1.85284112e-03, 1. ]
imgFile: "D:/Spine Project/SpineNavi/bin/X64_Debug/../../data/c-arm 2023-04-19/7084.png"
