%YAML:1.0
---
K: !!opencv-matrix
   rows: 3
   cols: 3
   dt: d
   data: [ 4.9031433200000001e+03, 0., 5.6697676300000001e+02, 0.,
       4.8976674800000001e+03, 6.4509941200000003e+02, 0., 0., 1. ]
DistCoeffs: !!opencv-matrix
   rows: 1
   cols: 5
   dt: d
   data: [ -4.4114790700000003e-02, 1.0189881900000000e+00,
       6.7924207699999995e-04, -1.1699043300000000e-02,
       3.4274857600000003e-01 ]
rvec: !!opencv-matrix
   rows: 3
   cols: 1
   dt: d
   data: [ -1.3108296949805558e+00, -1.2915207834104099e+00,
       -1.1898573260716596e+00 ]
tvec: !!opencv-matrix
   rows: 3
   cols: 1
   dt: d
   data: [ 5.7793664664234301e-02, 1.8427320690607940e-01,
       9.9446450146994214e-01 ]
rb2wsMat: !!opencv-matrix
   rows: 4
   cols: 4
   dt: f
   data: [ 6.70503378e-02, 9.96188223e-01, -5.57976663e-02, 0.,
       -1.88794732e-03, 5.60501218e-02, 9.98426199e-01, 0.,
       9.97747779e-01, -6.68394566e-02, 5.63892722e-03, 0.,
       -2.87875175e-01, 5.45509934e-01, 1.20410509e-01, 1. ]
imgFile: "D:/Spine Project/SpineNavi/bin/X64_Debug/../../data/Tracking 2023-04-19/test0.png"
