%YAML:1.0
---
K: !!opencv-matrix
   rows: 1
   cols: 9
   dt: d
   data: [ 4.9031433200000001e+03, 0., 5.6697676300000001e+02, 0.,
       4.8976674800000001e+03, 6.4509941200000003e+02, 0., 0., 1. ]
DistCoeffs: !!opencv-matrix
   rows: 1
   cols: 5
   dt: d
   data: [ -4.4114790700000003e-02, 1.0189881900000000e+00,
       6.7924207699999995e-04, -1.1699043300000000e-02,
       3.4274857600000003e-01 ]
rvec: !!opencv-matrix
   rows: 3
   cols: 1
   dt: d
   data: [ -1.3182182499430868e+00, -1.2992511616928473e+00,
       -1.1813787154089419e+00 ]
tvec: !!opencv-matrix
   rows: 3
   cols: 1
   dt: d
   data: [ 5.6470020802010620e-02, 1.8406193268894139e-01,
       9.9284622832902181e-01 ]
rb2wsMat: !!opencv-matrix
   rows: 4
   cols: 4
   dt: f
   data: [ -9.96684670e-01, -2.00728979e-02, 7.88477436e-02, 0.,
       -1.11058410e-02, 9.93582904e-01, 1.12559587e-01, 0.,
       -8.06011632e-02, 1.11310735e-01, -9.90511775e-01, 0.,
       -3.44723403e-01, 4.78562623e-01, -6.25027418e-01, 1. ]
imgFile: "../data/Tracking 2023-04-19/7463.png"
