%YAML:1.0
---
RB_POSITIONS: !!opencv-matrix
   rows: 9
   cols: 1
   dt: "3f"
   data: [ 8.22134167e-02, -3.29996616e-01, 4.06908631e-01,
       1.37583822e-01, -3.30759346e-01, 4.18939233e-01, 1.94677934e-01,
       -3.31640065e-01, 4.31853950e-01, 9.46840942e-02, -3.47951412e-01,
       3.47839952e-01, 1.51006177e-01, -3.62675667e-01, 3.65696251e-01,
       2.08519474e-01, -3.49450856e-01, 3.72477561e-01, 1.04112506e-01,
       -3.77552867e-01, 2.97562599e-01, 1.60265073e-01, -3.87168527e-01,
       3.12832177e-01, 2.19312191e-01, -3.80868644e-01, 3.21352839e-01 ]
WS_POSITIONS: !!opencv-matrix
   rows: 9
   cols: 1
   dt: "3f"
   data: [ 5.94540834e-02, -2.68166095e-01, 1.58409631e+00,
       1.15928747e-01, -2.67279327e-01, 1.57951081e+00, 1.74312279e-01,
       -2.66447991e-01, 1.57527137e+00, 5.47745451e-02, -2.87091762e-01,
       1.52420545e+00, 1.14274077e-01, -3.00007463e-01, 1.52510715e+00,
       1.70850173e-01, -2.85202175e-01, 1.51468539e+00, 5.00908755e-02,
       -3.17541391e-01, 1.47376895e+00, 1.08522400e-01, -3.25412184e-01,
       1.47217560e+00, 1.67280391e-01, -3.17451477e-01, 1.46306634e+00 ]
MAT_WS2RB: !!opencv-matrix
   rows: 4
   cols: 4
   dt: f
   data: [ 9.56437409e-01, -3.03089246e-02, 2.90360123e-01, 0.,
       2.50269473e-02, 9.99447227e-01, 2.18882039e-02, 0.,
       -2.90862978e-01, -1.36678675e-02, 9.56667185e-01, 0.,
       4.92815644e-01, -3.85255478e-02, -1.11993778e+00, 1. ]
MAT_RB2WS: !!opencv-matrix
   rows: 4
   cols: 4
   dt: f
   data: [ 9.56437349e-01, 2.50269454e-02, -2.90862978e-01, 0.,
       -3.03089228e-02, 9.99447107e-01, -1.36678666e-02, 0.,
       2.90360093e-01, 2.18882002e-02, 9.56667066e-01, 0.,
       -1.47329733e-01, 5.06839976e-02, 1.21422279e+00, 1. ]
