%YAML:1.0
---
RB_POSITIONS: !!opencv-matrix
   rows: 9
   cols: 1
   dt: "3f"
   data: [ 8.74371603e-02, -2.75017887e-01, 3.93060446e-01,
       1.42792493e-01, -2.75816500e-01, 4.05103773e-01, 1.99902281e-01,
       -2.76726931e-01, 4.17964429e-01, 9.98539105e-02, -2.92983264e-01,
       3.34070474e-01, 1.56214178e-01, -3.07703584e-01, 3.51792425e-01,
       2.13730976e-01, -2.94528604e-01, 3.58592093e-01, 1.09299332e-01,
       -3.22551012e-01, 2.83669442e-01, 1.65459722e-01, -3.32176208e-01,
       2.98894435e-01, 2.24507362e-01, -3.25923055e-01, 3.07420135e-01 ]
WS_POSITIONS: !!opencv-matrix
   rows: 9
   cols: 1
   dt: "3f"
   data: [ 5.94676360e-02, -2.68164754e-01, 1.58413124e+00,
       1.15932398e-01, -2.67282844e-01, 1.57956564e+00, 1.74315929e-01,
       -2.66449749e-01, 1.57527328e+00, 5.47737069e-02, -2.87117809e-01,
       1.52433586e+00, 1.14278004e-01, -2.99997449e-01, 1.52510428e+00,
       1.70856401e-01, -2.85211742e-01, 1.51469922e+00, 5.00894487e-02,
       -3.17551017e-01, 1.47378278e+00, 1.08520418e-01, -3.25399160e-01,
       1.47214973e+00, 1.67277694e-01, -3.17453802e-01, 1.46304691e+00 ]
MAT_WS2RB: !!opencv-matrix
   rows: 4
   cols: 4
   dt: f
   data: [ 9.56438601e-01, -3.08780726e-02, 2.90295810e-01, 0.,
       2.55015567e-02, 9.99426365e-01, 2.22865213e-02, 0.,
       -2.90817469e-01, -1.39126936e-02, 9.56677377e-01, 0.,
       4.98091668e-01, 1.68687869e-02, -1.13372886e+00, 1. ]
MAT_RB2WS: !!opencv-matrix
   rows: 4
   cols: 4
   dt: f
   data: [ 9.56438661e-01, 2.55015586e-02, -2.90817440e-01, 0.,
       -3.08780726e-02, 9.99426305e-01, -1.39126945e-02, 0.,
       2.90295839e-01, 2.22865213e-02, 9.56677377e-01, 0.,
       -1.46756470e-01, -4.29435214e-03, 1.22970116e+00, 1. ]
