%YAML:1.0
---
RB_POSITIONS: !!opencv-matrix
   rows: 9
   cols: 1
   dt: "3f"
   data: [ 9.65799540e-02, -1.80448264e-01, 3.69560897e-01,
       1.51930004e-01, -1.81309119e-01, 3.81653070e-01, 2.09026948e-01,
       -1.82263762e-01, 3.94530475e-01, 1.08986199e-01, -1.98401198e-01,
       3.10619920e-01, 1.65310144e-01, -2.13192597e-01, 3.28392088e-01,
       2.22833410e-01, -2.00057685e-01, 3.35186303e-01, 1.18408069e-01,
       -2.27940902e-01, 2.60190129e-01, 1.74544990e-01, -2.37640873e-01,
       2.75467038e-01, 2.33600259e-01, -2.31422871e-01, 2.83985347e-01 ]
WS_POSITIONS: !!opencv-matrix
   rows: 9
   cols: 1
   dt: "3f"
   data: [ 5.94631657e-02, -2.68170148e-01, 1.58407772e+00,
       1.15937963e-01, -2.67302126e-01, 1.57955706e+00, 1.74314424e-01,
       -2.66464084e-01, 1.57528079e+00, 5.47850616e-02, -2.87127078e-01,
       1.52433646e+00, 1.14282496e-01, -3.00026417e-01, 1.52516317e+00,
       1.70853347e-01, -2.85234541e-01, 1.51474428e+00, 5.00915460e-02,
       -3.17548573e-01, 1.47376931e+00, 1.08524084e-01, -3.25421244e-01,
       1.47219145e+00, 1.67280227e-01, -3.17462653e-01, 1.46307397e+00 ]
MAT_WS2RB: !!opencv-matrix
   rows: 4
   cols: 4
   dt: f
   data: [ 9.56395984e-01, -3.17349769e-02, 2.90343612e-01, 0.,
       2.62569916e-02, 9.99396324e-01, 2.27445755e-02, 0.,
       -2.90890157e-01, -1.41292680e-02, 9.56652045e-01, 0.,
       5.07543564e-01, 1.11828916e-01, -1.15701556e+00, 1. ]
MAT_RB2WS: !!opencv-matrix
   rows: 4
   cols: 4
   dt: f
   data: [ 9.56396103e-01, 2.62569953e-02, -2.90890187e-01, 0.,
       -3.17349844e-02, 9.99396443e-01, -1.41292727e-02, 0.,
       2.90343612e-01, 2.27445737e-02, 9.56652105e-01, 0.,
       -1.45931736e-01, -9.87721682e-02, 1.25608099e+00, 1. ]
