%YAML:1.0
---
RB_POSITIONS: !!opencv-matrix
   rows: 9
   cols: 1
   dt: "3f"
   data: [ 1.22516751e-02, -3.86993885e-01, 2.67679483e-01,
       6.77279755e-02, -3.77735883e-01, 2.87727833e-01, 1.21880740e-01,
       -3.71461570e-01, 3.02153587e-01, 3.18131074e-02, -4.29433882e-01,
       2.28660122e-01, 8.80965441e-02, -4.23470438e-01, 2.46170014e-01,
       1.40628114e-01, -4.14580017e-01, 2.64103562e-01, 4.70197499e-02,
       -4.71320868e-01, 1.91170186e-01, 1.03326768e-01, -4.64906216e-01,
       2.07551450e-01, 1.55685291e-01, -4.57069129e-01, 2.24911347e-01 ]
WS_POSITIONS: !!opencv-matrix
   rows: 9
   cols: 1
   dt: "3f"
   data: [ -1.20630264e-01, -2.72815615e-01, 1.67799532e+00,
       -6.48737699e-02, -2.67402828e-01, 1.69866371e+00, -1.05793504e-02,
       -2.64861166e-01, 1.71368527e+00, -1.03573561e-01, -3.16376776e-01,
       1.63903630e+00, -4.72080000e-02, -3.14298600e-01, 1.65716326e+00,
       5.60866576e-03, -3.09046626e-01, 1.67568445e+00, -9.08403769e-02,
       -3.59094739e-01, 1.60156226e+00, -3.44084427e-02, -3.56564850e-01,
       1.61856258e+00, 1.81702990e-02, -3.52350414e-01, 1.63650465e+00 ]
MAT_WS2RB: !!opencv-matrix
   rows: 4
   cols: 4
   dt: f
   data: [ 9.97634709e-01, 6.78807870e-02, -1.08253015e-02, 0.,
       -6.79147243e-02, 9.97687161e-01, -2.79870513e-03, 0.,
       1.06102852e-02, 3.52728297e-03, 9.99937534e-01, 0.,
       9.62644070e-02, -1.12539507e-01, -1.41228044e+00, 1. ]
MAT_RB2WS: !!opencv-matrix
   rows: 4
   cols: 4
   dt: f
   data: [ 9.97634709e-01, -6.79147318e-02, 1.06102861e-02, 0.,
       6.78807870e-02, 9.97687221e-01, 3.52728274e-03, 0.,
       -1.08253006e-02, -2.79870536e-03, 9.99937475e-01, 0.,
       -1.03685804e-01, 1.14864446e-01, 1.41156781e+00, 1. ]
