%YAML:1.0
---
RB_POSITIONS: !!opencv-matrix
   rows: 9
   cols: 1
   dt: "3f"
   data: [ 4.57622111e-02, -4.39513057e-01, 2.84537733e-01,
       1.01658083e-01, -4.37326849e-01, 3.05346847e-01, 1.55947715e-01,
       -4.37965959e-01, 3.20658565e-01, 6.04408532e-02, -4.83940750e-01,
       2.45491624e-01, 1.16739988e-01, -4.85157847e-01, 2.63949841e-01,
       1.69708431e-01, -4.82989639e-01, 2.82634646e-01, 7.08250627e-02,
       -5.27324915e-01, 2.08080873e-01, 1.27240032e-01, -5.28044105e-01,
       2.25230560e-01, 1.79888725e-01, -5.26903272e-01, 2.43571043e-01 ]
WS_POSITIONS: !!opencv-matrix
   rows: 9
   cols: 1
   dt: "3f"
   data: [ -1.20624617e-01, -2.72773653e-01, 1.67800772e+00,
       -6.48656115e-02, -2.67335892e-01, 1.69858718e+00, -1.05685685e-02,
       -2.64815331e-01, 1.71367693e+00, -1.03552401e-01, -3.16299856e-01,
       1.63891959e+00, -4.72029448e-02, -3.14237773e-01, 1.65714777e+00,
       5.62597765e-03, -3.08989137e-01, 1.67561483e+00, -9.08212289e-02,
       -3.59032363e-01, 1.60148382e+00, -3.43903415e-02, -3.56467277e-01,
       1.61840284e+00, 1.81775708e-02, -3.52263063e-01, 1.63652730e+00 ]
MAT_WS2RB: !!opencv-matrix
   rows: 4
   cols: 4
   dt: f
   data: [ 9.98308063e-01, -5.80037609e-02, 4.06106655e-03, 0.,
       5.80016635e-02, 9.98316288e-01, 6.32890733e-04, 0.,
       -4.09093918e-03, -3.96271236e-04, 9.99991596e-01, 0.,
       1.88868687e-01, -1.73530430e-01, -1.39279342e+00, 1. ]
MAT_RB2WS: !!opencv-matrix
   rows: 4
   cols: 4
   dt: f
   data: [ 9.98308122e-01, 5.80016635e-02, -4.09093918e-03, 0.,
       -5.80037646e-02, 9.98316288e-01, -3.96271294e-04, 0.,
       4.06106701e-03, 6.32890675e-04, 9.99991536e-01, 0.,
       -1.92958325e-01, 1.63165048e-01, 1.39348567e+00, 1. ]
