%YAML:1.0
---
RB_POSITIONS: !!opencv-matrix
   rows: 9
   cols: 1
   dt: "3f"
   data: [ 3.34332660e-02, -3.48503888e-01, 2.83974171e-01,
       8.72158408e-02, -3.38538140e-01, 3.07438016e-01, 1.40088230e-01,
       -3.31655443e-01, 3.25944543e-01, 5.64130619e-02, -3.90086114e-01,
       2.45730355e-01, 1.11220278e-01, -3.83374751e-01, 2.67129481e-01,
       1.62198216e-01, -3.73883843e-01, 2.88631082e-01, 7.48991668e-02,
       -4.31083888e-01, 2.08658174e-01, 1.29811525e-01, -4.24097002e-01,
       2.29337916e-01, 1.80678129e-01, -4.15477425e-01, 2.49675661e-01 ]
WS_POSITIONS: !!opencv-matrix
   rows: 9
   cols: 1
   dt: "3f"
   data: [ -9.60295424e-02, -2.65824914e-01, 1.70017302e+00,
       -4.19450738e-02, -2.59536654e-01, 1.72420967e+00, 1.10753337e-02,
       -2.56256163e-01, 1.74327350e+00, -7.55048022e-02, -3.08806628e-01,
       1.66208029e+00, -2.05956995e-02, -3.05831432e-01, 1.68405604e+00,
       3.06791011e-02, -2.99825281e-01, 1.70610070e+00, -5.94361536e-02,
       -3.50904167e-01, 1.62511420e+00, -4.39612241e-03, -3.47660214e-01,
       1.64637232e+00, 4.67210412e-02, -3.42514277e-01, 1.66725016e+00 ]
MAT_WS2RB: !!opencv-matrix
   rows: 4
   cols: 4
   dt: f
   data: [ 9.97676849e-01, 6.73256665e-02, -1.04038045e-02, 0.,
       -6.73438162e-02, 9.97728884e-01, -1.40285678e-03, 0.,
       1.02857277e-02, 2.10022950e-03, 9.99944985e-01, 0.,
       9.38505307e-02, -8.03881809e-02, -1.41747725e+00, 1. ]
MAT_RB2WS: !!opencv-matrix
   rows: 4
   cols: 4
   dt: f
   data: [ 9.97676790e-01, -6.73438013e-02, 1.02857267e-02, 0.,
       6.73256665e-02, 9.97728825e-01, 2.10022926e-03, 0.,
       -1.04038035e-02, -1.40285678e-03, 9.99944866e-01, 0.,
       -1.02967449e-01, 8.45373347e-02, 1.41660249e+00, 1. ]
