%YAML:1.0
---
RB_POSITIONS: !!opencv-matrix
   rows: 9
   cols: 1
   dt: "3f"
   data: [ -1.53441131e-01, -3.25313091e-01, 3.59374762e-01,
       -9.62300152e-02, -3.28930229e-01, 3.69198680e-01, -3.86276469e-02,
       -3.30604792e-01, 3.83191198e-01, -1.43222392e-01, -3.69767368e-01,
       3.12934250e-01, -8.53388608e-02, -3.71391714e-01, 3.26680601e-01,
       -2.77501382e-02, -3.61523569e-01, 3.29251438e-01, -1.32666230e-01,
       -4.05294269e-01, 2.68126935e-01, -7.44487345e-02, -3.99034321e-01,
       2.76392996e-01, -1.81470681e-02, -4.03251290e-01, 2.87102193e-01 ]
WS_POSITIONS: !!opencv-matrix
   rows: 9
   cols: 1
   dt: "3f"
   data: [ -9.65610817e-02, -1.57470420e-01, 1.54790688e+00,
       -3.96603532e-02, -1.53616011e-01, 1.55931544e+00, 1.72664598e-02,
       -1.47586152e-01, 1.57479465e+00, -7.96418265e-02, -2.02548310e-01,
       1.50409997e+00, -2.24345084e-02, -1.96446359e-01, 1.51933765e+00,
       3.34416144e-02, -1.79528475e-01, 1.52281547e+00, -6.35123476e-02,
       -2.38655552e-01, 1.46146894e+00, -6.75354758e-03, -2.24962220e-01,
       1.47083509e+00, 4.92896810e-02, -2.21770272e-01, 1.48313606e+00 ]
MAT_WS2RB: !!opencv-matrix
   rows: 4
   cols: 4
   dt: f
   data: [ 9.92255986e-01, -1.20330401e-01, -3.08012869e-02, 0.,
       1.21728547e-01, 9.91379440e-01, 4.84651178e-02, 0.,
       2.47039385e-02, -5.18391952e-02, 9.98349845e-01, 0.,
       -7.66985789e-02, -1.00577153e-01, -1.18132019e+00, 1. ]
MAT_RB2WS: !!opencv-matrix
   rows: 4
   cols: 4
   dt: f
   data: [ 9.92255926e-01, 1.21728547e-01, 2.47039367e-02, 0.,
       -1.20330401e-01, 9.91379499e-01, -5.18391952e-02, 0.,
       -3.08012869e-02, 4.84651178e-02, 9.98349845e-01, 0.,
       2.76159607e-02, 1.66299343e-01, 1.17605162e+00, 1. ]
