%YAML:1.0
---
RB_POSITIONS: !!opencv-matrix
   rows: 9
   cols: 1
   dt: "3f"
   data: [ -1.39416397e-01, -2.20676810e-01, 3.49800855e-01,
       -8.17852244e-02, -2.23692805e-01, 3.56736392e-01, -2.35166773e-02,
       -2.24703372e-01, 3.67617697e-01, -1.31036967e-01, -2.64805317e-01,
       3.02855700e-01, -7.25596920e-02, -2.65751183e-01, 3.13350052e-01,
       -1.50826536e-02, -2.55164117e-01, 3.12956810e-01, -1.22415826e-01,
       -2.99947083e-01, 2.57169008e-01, -6.38762489e-02, -2.93043017e-01,
       2.62691349e-01, -7.09805079e-03, -2.96671003e-01, 2.70519167e-01 ]
WS_POSITIONS: !!opencv-matrix
   rows: 9
   cols: 1
   dt: "3f"
   data: [ -1.25530869e-01, -2.90392131e-01, 1.54706776e+00,
       -6.84162527e-02, -2.86361486e-01, 1.55707896e+00, -1.11280000e-02,
       -2.80410647e-01, 1.57112491e+00, -1.09188944e-01, -3.31313074e-01,
       1.49932039e+00, -5.16825691e-02, -3.25257212e-01, 1.51299381e+00,
       3.90869752e-03, -3.07486326e-01, 1.51610124e+00, -9.38233286e-02,
       -3.63342464e-01, 1.45311916e+00, -3.70084681e-02, -3.49310458e-01,
       1.46207559e+00, 1.92943793e-02, -3.46027762e-01, 1.47291136e+00 ]
MAT_WS2RB: !!opencv-matrix
   rows: 4
   cols: 4
   dt: f
   data: [ 9.90449429e-01, -1.28158256e-01, -5.08485883e-02, 0.,
       1.26336172e-01, 9.91275728e-01, -3.75738293e-02, 0.,
       5.52203692e-02, 3.07909567e-02, 9.97999370e-01, 0.,
       -6.38270453e-02, 3.45832086e-03, -1.21146595e+00, 1. ]
MAT_RB2WS: !!opencv-matrix
   rows: 4
   cols: 4
   dt: f
   data: [ 9.90449309e-01, 1.26336157e-01, 5.52203581e-02, 0.,
       -1.28158242e-01, 9.91275609e-01, 3.07909567e-02, 0.,
       -5.08485883e-02, -3.75738256e-02, 9.97999310e-01, 0.,
       2.05932441e-03, -4.08838987e-02, 1.21246028e+00, 1. ]
