%YAML:1.0
---
RB_POSITIONS: !!opencv-matrix
   rows: 9
   cols: 1
   dt: "3f"
   data: [ -1.60761103e-01, -4.07813847e-01, 3.92791510e-01,
       -1.03112459e-01, -4.10693944e-01, 3.99690717e-01, -4.48532775e-02,
       -4.11582410e-01, 4.10577387e-01, -1.52267203e-01, -4.51875985e-01,
       3.45772088e-01, -9.37846303e-02, -4.52705979e-01, 3.56329232e-01,
       -3.63237932e-02, -4.41990852e-01, 3.55882376e-01, -1.43543094e-01,
       -4.86944288e-01, 3.00054193e-01, -8.50226283e-02, -4.79928374e-01,
       3.05569589e-01, -2.82466467e-02, -4.83439267e-01, 3.13440830e-01 ]
WS_POSITIONS: !!opencv-matrix
   rows: 9
   cols: 1
   dt: "3f"
   data: [ -1.25533864e-01, -2.90356100e-01, 1.54716098e+00,
       -6.84059858e-02, -2.86323100e-01, 1.55713093e+00, -1.11261429e-02,
       -2.80389428e-01, 1.57117558e+00, -1.09188564e-01, -3.31226826e-01,
       1.49933994e+00, -5.16780429e-02, -3.25195104e-01, 1.51306987e+00,
       3.92612768e-03, -3.07428718e-01, 1.51611865e+00, -9.38127935e-02,
       -3.63199890e-01, 1.45310867e+00, -3.69959734e-02, -3.49194199e-01,
       1.46205163e+00, 1.92973521e-02, -3.45931441e-01, 1.47292411e+00 ]
MAT_WS2RB: !!opencv-matrix
   rows: 4
   cols: 4
   dt: f
   data: [ 9.90754783e-01, -1.25814438e-01, -5.07508926e-02, 0.,
       1.23993292e-01, 9.91571307e-01, -3.75765599e-02, 0.,
       5.50508052e-02, 3.09363883e-02, 9.98004138e-01, 0.,
       -8.55580717e-02, -1.83562636e-01, -1.16856313e+00, 1. ]
MAT_RB2WS: !!opencv-matrix
   rows: 4
   cols: 4
   dt: f
   data: [ 9.90754783e-01, 1.23993285e-01, 5.50508052e-02, 0.,
       -1.25814438e-01, 9.91571307e-01, 3.09363864e-02, 0.,
       -5.07508963e-02, -3.75765599e-02, 9.98004198e-01, 0.,
       2.36661825e-03, 1.48713514e-01, 1.17661965e+00, 1. ]
