%YAML:1.0
---
RB_POSITIONS: !!opencv-matrix
   rows: 9
   cols: 1
   dt: "3f"
   data: [ -1.43303618e-01, -2.35179871e-01, 3.39861333e-01,
       -8.60940665e-02, -2.38815472e-01, 3.49643528e-01, -2.84821410e-02,
       -2.40486741e-01, 3.63599360e-01, -1.33155778e-01, -2.79796332e-01,
       2.93572724e-01, -7.52667710e-02, -2.81410754e-01, 3.07265610e-01,
       -1.76597312e-02, -2.71586955e-01, 3.09769899e-01, -1.22660764e-01,
       -3.15478504e-01, 2.48823464e-01, -6.44186437e-02, -3.09238821e-01,
       2.57094622e-01, -8.11728835e-03, -3.13464373e-01, 2.67770857e-01 ]
WS_POSITIONS: !!opencv-matrix
   rows: 9
   cols: 1
   dt: "3f"
   data: [ -9.65500996e-02, -1.57491758e-01, 1.54792237e+00,
       -3.96520980e-02, -1.53640971e-01, 1.55930793e+00, 1.72778014e-02,
       -1.47604749e-01, 1.57477534e+00, -7.96396434e-02, -2.02573761e-01,
       1.50412869e+00, -2.24336032e-02, -1.96459100e-01, 1.51933777e+00,
       3.34517807e-02, -1.79544479e-01, 1.52281177e+00, -6.35157749e-02,
       -2.38685951e-01, 1.46144629e+00, -6.74408628e-03, -2.24986225e-01,
       1.47086871e+00, 4.92967442e-02, -2.21791267e-01, 1.48315275e+00 ]
MAT_WS2RB: !!opencv-matrix
   rows: 4
   cols: 4
   dt: f
   data: [ 9.92138147e-01, -1.21264130e-01, -3.09368744e-02, 0.,
       1.22586630e-01, 9.91428316e-01, 4.51943167e-02, 0.,
       2.51912400e-02, -4.86314483e-02, 9.98499155e-01, 0.,
       -6.72002807e-02, -1.54684428e-02, -1.20160711e+00, 1. ]
MAT_RB2WS: !!opencv-matrix
   rows: 4
   cols: 4
   dt: f
   data: [ 9.92138028e-01, 1.22586615e-01, 2.51912382e-02, 0.,
       -1.21264122e-01, 9.91428256e-01, -4.86314446e-02, 0.,
       -3.09368689e-02, 4.51943129e-02, 9.98499036e-01, 0.,
       2.76222136e-02, 7.78795108e-02, 1.20074415e+00, 1. ]
