%YAML:1.0
---
RB_POSITIONS: !!opencv-matrix
   rows: 9
   cols: 1
   dt: "3f"
   data: [ -1.47801012e-01, -2.74498641e-01, 3.48670065e-01,
       -9.05882418e-02, -2.78111845e-01, 3.58434111e-01, -3.29840109e-02,
       -2.79780269e-01, 3.72413278e-01, -1.37626827e-01, -3.19064558e-01,
       3.02337885e-01, -7.97437951e-02, -3.20667595e-01, 3.15979719e-01,
       -2.21367460e-02, -3.10813248e-01, 3.18479717e-01, -1.27096012e-01,
       -3.54690552e-01, 2.57559747e-01, -6.88689202e-02, -3.48436326e-01,
       2.65783519e-01, -1.25701502e-02, -3.52639467e-01, 2.76441514e-01 ]
WS_POSITIONS: !!opencv-matrix
   rows: 9
   cols: 1
   dt: "3f"
   data: [ -9.65591669e-02, -1.57485276e-01, 1.54796565e+00,
       -3.96573618e-02, -1.53623387e-01, 1.55932188e+00, 1.72678661e-02,
       -1.47590742e-01, 1.57480001e+00, -7.96495974e-02, -2.02566460e-01,
       1.50416982e+00, -2.24452689e-02, -1.96450502e-01, 1.51931500e+00,
       3.34435031e-02, -1.79523990e-01, 1.52276003e+00, -6.35148212e-02,
       -2.38668904e-01, 1.46149123e+00, -6.75198715e-03, -2.24971399e-01,
       1.47084534e+00, 4.92867194e-02, -2.21764788e-01, 1.48310065e+00 ]
MAT_WS2RB: !!opencv-matrix
   rows: 4
   cols: 4
   dt: f
   data: [ 9.92188275e-01, -1.20885052e-01, -3.08098048e-02, 0.,
       1.22227028e-01, 9.91425931e-01, 4.62078005e-02, 0.,
       2.49598064e-02, -4.96126339e-02, 9.98456597e-01, 0.,
       -7.13841096e-02, -5.32375500e-02, -1.19260430e+00, 1. ]
MAT_RB2WS: !!opencv-matrix
   rows: 4
   cols: 4
   dt: f
   data: [ 9.92188275e-01, 1.22227035e-01, 2.49598064e-02, 0.,
       -1.20885052e-01, 9.91425931e-01, -4.96126302e-02, 0.,
       -3.08098048e-02, 4.62078042e-02, 9.98456597e-01, 0.,
       2.76469570e-02, 1.16613783e-01, 1.18990409e+00, 1. ]
