%YAML:1.0
---
RB_POSITIONS: !!opencv-matrix
   rows: 9
   cols: 1
   dt: "3f"
   data: [ -1.60942554e-01, -3.93491834e-01, 3.76003861e-01,
       -1.03725657e-01, -3.97053063e-01, 3.85785699e-01, -4.61091250e-02,
       -3.98667336e-01, 3.99774879e-01, -1.50722533e-01, -4.38030481e-01,
       3.29650223e-01, -9.28319842e-02, -4.39584881e-01, 3.43289196e-01,
       -3.52452099e-02, -4.29662257e-01, 3.45850557e-01, -1.40163019e-01,
       -4.73619580e-01, 2.84934819e-01, -8.19345862e-02, -4.67322409e-01,
       2.93158233e-01, -2.56325547e-02, -4.71486360e-01, 3.03843141e-01 ]
WS_POSITIONS: !!opencv-matrix
   rows: 9
   cols: 1
   dt: "3f"
   data: [ -9.65844393e-02, -1.57454938e-01, 1.54790413e+00,
       -3.96840796e-02, -1.53598234e-01, 1.55928898e+00, 1.72490906e-02,
       -1.47566870e-01, 1.57478750e+00, -7.96693563e-02, -2.02534422e-01,
       1.50410318e+00, -2.24605855e-02, -1.96426824e-01, 1.51925600e+00,
       3.34152542e-02, -1.79491311e-01, 1.52276802e+00, -6.35404289e-02,
       -2.38622755e-01, 1.46149981e+00, -6.76909927e-03, -2.24940941e-01,
       1.47086215e+00, 4.92676198e-02, -2.21750662e-01, 1.48315585e+00 ]
MAT_WS2RB: !!opencv-matrix
   rows: 4
   cols: 4
   dt: f
   data: [ 9.92312610e-01, -1.19807899e-01, -3.10124606e-02, 0.,
       1.21168397e-01, 9.91541803e-01, 4.65099625e-02, 0.,
       2.51778923e-02, -4.99101505e-02, 9.98436332e-01, 0.,
       -8.49950016e-02, -1.71684131e-01, -1.16515195e+00, 1. ]
MAT_RB2WS: !!opencv-matrix
   rows: 4
   cols: 4
   dt: f
   data: [ 9.92312610e-01, 1.21168390e-01, 2.51778904e-02, 0.,
       -1.19807899e-01, 9.91541743e-01, -4.99101505e-02, 0.,
       -3.10124625e-02, 4.65099588e-02, 9.98436332e-01, 0.,
       2.76382659e-02, 2.34721854e-01, 1.15690124e+00, 1. ]
