%YAML:1.0
---
POS: !!opencv-matrix
   rows: 1
   cols: 3
   dt: f
   data: [ -6.52453184e-01, 7.50816643e-01, 1.35544956e+00 ]
VIEW: !!opencv-matrix
   rows: 1
   cols: 3
   dt: f
   data: [ 4.68386084e-01, -4.07433540e-01, -7.83972204e-01 ]
UP: !!opencv-matrix
   rows: 1
   cols: 3
   dt: f
   data: [ -1.54970780e-01, 8.35682631e-01, -5.26895225e-01 ]
