%YAML:1.0
---
POS: !!opencv-matrix
   rows: 1
   cols: 3
   dt: f
   data: [ -1.23698401e+00, -5.27598932e-02, -1.79169908e-01 ]
VIEW: !!opencv-matrix
   rows: 1
   cols: 3
   dt: f
   data: [ 9.95366216e-01, 5.77163622e-02, 7.69083053e-02 ]
UP: !!opencv-matrix
   rows: 1
   cols: 3
   dt: f
   data: [ -5.89949787e-01, 7.02160418e-01, -3.98660332e-01 ]
