%YAML:1.0
---
POS: !!opencv-matrix
   rows: 1
   cols: 3
   dt: f
   data: [ 1.01429629e+00, 1.22764361e+00, 1.87356782e+00 ]
VIEW: !!opencv-matrix
   rows: 1
   cols: 3
   dt: f
   data: [ -3.56895715e-01, -4.96511966e-01, -7.91265666e-01 ]
UP: !!opencv-matrix
   rows: 1
   cols: 3
   dt: f
   data: [ -1.81674391e-01, 8.67767632e-01, -4.62572962e-01 ]
