%YAML:1.0
---
POS: !!opencv-matrix
   rows: 1
   cols: 3
   dt: f
   data: [ -1.51683688e+00, 4.84867454e-01, 1.58991665e-01 ]
VIEW: !!opencv-matrix
   rows: 1
   cols: 3
   dt: f
   data: [ 9.45122063e-01, -2.89689064e-01, -1.51077747e-01 ]
UP: !!opencv-matrix
   rows: 1
   cols: 3
   dt: f
   data: [ -3.81223947e-01, 8.86326194e-01, -2.62857705e-01 ]
