%YAML:1.0
---
POS: !!opencv-matrix
   rows: 1
   cols: 3
   dt: f
   data: [ 8.20926726e-01, 6.82721615e-01, 2.52541804e+00 ]
VIEW: !!opencv-matrix
   rows: 1
   cols: 3
   dt: f
   data: [ -5.21083474e-01, -4.19550031e-01, -7.43269682e-01 ]
UP: !!opencv-matrix
   rows: 1
   cols: 3
   dt: f
   data: [ -1.41157255e-01, 9.01213408e-01, -4.09742653e-01 ]
