%YAML:1.0
---
POS: !!opencv-matrix
   rows: 1
   cols: 3
   dt: f
   data: [ -7.17335165e-01, 7.48408258e-01, 1.31793737e+00 ]
VIEW: !!opencv-matrix
   rows: 1
   cols: 3
   dt: f
   data: [ 4.68386084e-01, -4.07433510e-01, -7.83972204e-01 ]
UP: !!opencv-matrix
   rows: 1
   cols: 3
   dt: f
   data: [ -1.54970735e-01, 8.35682631e-01, -5.26895285e-01 ]
