%YAML:1.0
---
POS: !!opencv-matrix
   rows: 1
   cols: 3
   dt: f
   data: [ -1.33809268e-01, 1.01262188e+00, 2.71250427e-01 ]
VIEW: !!opencv-matrix
   rows: 1
   cols: 3
   dt: f
   data: [ 8.98533016e-02, -9.22741473e-01, -3.74799311e-01 ]
UP: !!opencv-matrix
   rows: 1
   cols: 3
   dt: f
   data: [ 6.13349855e-01, 7.65075028e-01, -1.96117610e-01 ]
