%YAML:1.0
---
POS: !!opencv-matrix
   rows: 1
   cols: 3
   dt: f
   data: [ -8.27027857e-01, 9.32098985e-01, -5.31927466e-01 ]
VIEW: !!opencv-matrix
   rows: 1
   cols: 3
   dt: f
   data: [ 6.31622732e-01, -7.15499878e-01, 2.98517525e-01 ]
UP: !!opencv-matrix
   rows: 1
   cols: 3
   dt: f
   data: [ 2.66280860e-01, 8.62144470e-01, -4.31046844e-01 ]
