%YAML:1.0
---
RB_POSITIONS: !!opencv-matrix
   rows: 9
   cols: 1
   dt: "3f"
   data: [ -2.21924856e-02, -3.80785018e-01, 4.48265970e-01,
       3.70540172e-02, -3.88275892e-01, 4.46981907e-01, 9.23074111e-02,
       -3.97462368e-01, 4.41048622e-01, -3.01136076e-02, -4.21468645e-01,
       4.04428273e-01, 2.81757116e-02, -4.31965828e-01, 3.99949372e-01,
       8.38658363e-02, -4.38714445e-01, 3.97454858e-01, -4.10170071e-02,
       -4.60486233e-01, 3.62552643e-01, 1.68832764e-02, -4.70385402e-01,
       3.57447743e-01, 7.54018351e-02, -4.78067964e-01, 3.56136054e-01 ]
WS_POSITIONS: !!opencv-matrix
   rows: 9
   cols: 1
   dt: "3f"
   data: [ 7.60112032e-02, -6.40842784e-03, 1.76844430e+00,
       1.35287359e-01, -1.36812758e-02, 1.76728129e+00, 1.90585688e-01,
       -2.26686038e-02, 1.76146293e+00, 6.83252960e-02, -4.71600182e-02,
       1.72462785e+00, 1.26661569e-01, -5.74455149e-02, 1.72027087e+00,
       1.82380959e-01, -6.39903620e-02, 1.71788990e+00, 5.76471835e-02,
       -8.62548500e-02, 1.68276620e+00, 1.15593418e-01, -9.59443375e-02,
       1.67778194e+00, 1.74142390e-01, -1.03411578e-01, 1.67659009e+00 ]
MAT_WS2RB: !!opencv-matrix
   rows: 4
   cols: 4
   dt: f
   data: [ 9.99991417e-01, -3.69667122e-03, -1.93332136e-03, 0.,
       3.69839463e-03, 9.99992907e-01, 8.88760784e-04, 0.,
       1.93002191e-03, -8.95903213e-04, 9.99997854e-01, 0.,
       -1.01592466e-01, -3.72511297e-01, -1.32002187e+00, 1. ]
MAT_RB2WS: !!opencv-matrix
   rows: 4
   cols: 4
   dt: f
   data: [ 9.99991298e-01, 3.69839440e-03, 1.93002168e-03, 0.,
       -3.69667052e-03, 9.99992788e-01, -8.95903097e-04, 0.,
       -1.93332112e-03, 8.88760667e-04, 9.99997735e-01, 0.,
       9.76624936e-02, 3.74057472e-01, 1.31988108e+00, 1. ]
