%YAML:1.0
---
RB_POSITIONS: !!opencv-matrix
   rows: 9
   cols: 1
   dt: "3f"
   data: [ -1.13501921e-02, -2.96955198e-01, 4.16400343e-01,
       4.79119644e-02, -3.04521888e-01, 4.15247679e-01, 1.03138067e-01,
       -3.13752651e-01, 4.09287304e-01, -1.93045288e-02, -3.37572813e-01,
       3.72705936e-01, 3.89436707e-02, -3.48151952e-01, 3.68163049e-01,
       9.46450457e-02, -3.54955554e-01, 3.65673423e-01, -3.02853584e-02,
       -3.76539886e-01, 3.30770403e-01, 2.76180506e-02, -3.86503190e-01,
       3.25628817e-01, 8.61067921e-02, -3.94254357e-01, 3.24218959e-01 ]
WS_POSITIONS: !!opencv-matrix
   rows: 9
   cols: 1
   dt: "3f"
   data: [ 7.60069266e-02, -6.40536100e-03, 1.76835024e+00,
       1.35307431e-01, -1.36873722e-02, 1.76734591e+00, 1.90590858e-01,
       -2.26624236e-02, 1.76152813e+00, 6.83478788e-02, -4.71467711e-02,
       1.72471845e+00, 1.26656666e-01, -5.74527495e-02, 1.72032762e+00,
       1.82395771e-01, -6.39915690e-02, 1.71797669e+00, 5.76504208e-02,
       -8.62488672e-02, 1.68283534e+00, 1.15612805e-01, -9.59418714e-02,
       1.67784381e+00, 1.74141377e-01, -1.03412583e-01, 1.67658091e+00 ]
MAT_WS2RB: !!opencv-matrix
   rows: 4
   cols: 4
   dt: f
   data: [ 9.99985754e-01, -4.83564707e-03, -2.26024073e-03, 0.,
       4.84009087e-03, 9.99986351e-01, 1.96482614e-03, 0.,
       2.25070864e-03, -1.97573798e-03, 9.99995530e-01, 0.,
       -9.13050771e-02, -2.86688596e-01, -1.35175765e+00, 1. ]
MAT_RB2WS: !!opencv-matrix
   rows: 4
   cols: 4
   dt: f
   data: [ 9.99985754e-01, 4.84009087e-03, 2.25070864e-03, 0.,
       -4.83564660e-03, 9.99986351e-01, -1.97573798e-03, 0.,
       -2.26024073e-03, 1.96482614e-03, 9.99995530e-01, 0.,
       8.68621543e-02, 2.89782554e-01, 1.35139072e+00, 1. ]
