%YAML:1.0
---
RB_POSITIONS: !!opencv-matrix
   rows: 9
   cols: 1
   dt: "3f"
   data: [ 7.72367418e-03, -1.44293219e-01, 3.58941495e-01,
       6.68262839e-02, -1.52281433e-01, 3.57216716e-01, 1.22086763e-01,
       -1.61504567e-01, 3.51696342e-01, -6.85900450e-05, -1.84499279e-01,
       3.16161752e-01, 5.81890792e-02, -1.95161611e-01, 3.11736584e-01,
       1.13868482e-01, -2.02057451e-01, 3.09283912e-01, -1.10155605e-02,
       -2.23369896e-01, 2.74061531e-01, 4.68741357e-02, -2.33433738e-01,
       2.69069284e-01, 1.05352879e-01, -2.41286337e-01, 2.67764837e-01 ]
WS_POSITIONS: !!opencv-matrix
   rows: 9
   cols: 1
   dt: "3f"
   data: [ 7.58662224e-02, -6.72892435e-03, 1.76735425e+00,
       1.35019332e-01, -1.43426592e-02, 1.76566780e+00, 1.90339088e-01,
       -2.32293978e-02, 1.76018941e+00, 6.83411136e-02, -4.71353456e-02,
       1.72471571e+00, 1.26667038e-01, -5.74380942e-02, 1.72033811e+00,
       1.82390124e-01, -6.39840737e-02, 1.71791935e+00, 5.76526299e-02,
       -8.62242728e-02, 1.68275130e+00, 1.15606852e-01, -9.59329233e-02,
       1.67780459e+00, 1.74135178e-01, -1.03413545e-01, 1.67653787e+00 ]
MAT_WS2RB: !!opencv-matrix
   rows: 4
   cols: 4
   dt: f
   data: [ 9.99979317e-01, -6.43534819e-03, -1.92942534e-04, 0.,
       6.43598987e-03, 9.99973059e-01, 3.53656872e-03, 0.,
       1.70178289e-04, -3.53773730e-03, 9.99993742e-01, 0.,
       -6.83984309e-02, -1.30823806e-01, -1.40836322e+00, 1. ]
MAT_RB2WS: !!opencv-matrix
   rows: 4
   cols: 4
   dt: f
   data: [ 9.99979258e-01, 6.43598987e-03, 1.70178275e-04, 0.,
       -6.43534726e-03, 9.99973059e-01, -3.53773730e-03, 0.,
       -1.92942534e-04, 3.53656895e-03, 9.99993742e-01, 0.,
       6.72833920e-02, 1.36241272e-01, 1.40790319e+00, 1. ]
