%YAML:1.0
---
RB_POSITIONS: !!opencv-matrix
   rows: 9
   cols: 1
   dt: "3f"
   data: [ 1.15945190e-03, -1.98177412e-01, 3.80383074e-01,
       6.03971481e-02, -2.05791593e-01, 3.79248261e-01, 1.15636893e-01,
       -2.15083331e-01, 3.73338908e-01, -6.79670274e-03, -2.38799304e-01,
       3.36552382e-01, 5.14802411e-02, -2.49424979e-01, 3.32121313e-01,
       1.07154652e-01, -2.56278038e-01, 3.29681039e-01, -1.77388638e-02,
       -2.77767420e-01, 2.94638544e-01, 4.01489213e-02, -2.87779957e-01,
       2.89554626e-01, 9.86523628e-02, -2.95579493e-01, 2.88317472e-01 ]
WS_POSITIONS: !!opencv-matrix
   rows: 9
   cols: 1
   dt: "3f"
   data: [ 7.60158375e-02, -6.39141165e-03, 1.76839602e+00,
       1.35296613e-01, -1.36734284e-02, 1.76733303e+00, 1.90593690e-01,
       -2.26641688e-02, 1.76149464e+00, 6.83321655e-02, -4.71368618e-02,
       1.72463143e+00, 1.26672447e-01, -5.74417189e-02, 1.72027671e+00,
       1.82386994e-01, -6.39850870e-02, 1.71790338e+00, 5.76513223e-02,
       -8.62419382e-02, 1.68277776e+00, 1.15599632e-01, -9.59370211e-02,
       1.67776871e+00, 1.74147323e-01, -1.03408739e-01, 1.67660296e+00 ]
MAT_WS2RB: !!opencv-matrix
   rows: 4
   cols: 4
   dt: f
   data: [ 9.99983609e-01, -5.63781150e-03, -9.88739310e-04, 0.,
       5.63959638e-03, 9.99982417e-01, 1.81156048e-03, 0.,
       9.78508615e-04, -1.81710685e-03, 9.99997854e-01, 0.,
       -7.65494853e-02, -1.88144192e-01, -1.38792241e+00, 1. ]
MAT_RB2WS: !!opencv-matrix
   rows: 4
   cols: 4
   dt: f
   data: [ 9.99983609e-01, 5.63959638e-03, 9.78508615e-04, 0.,
       -5.63781196e-03, 9.99982476e-01, -1.81710697e-03, 0.,
       -9.88739193e-04, 1.81156048e-03, 9.99997854e-01, 0.,
       7.41152167e-02, 1.91086903e-01, 1.38765240e+00, 1. ]
