%YAML:1.0
---
RB_POSITIONS: !!opencv-matrix
   rows: 9
   cols: 1
   dt: "3f"
   data: [ -6.92190230e-03, -2.61365831e-01, 4.03075278e-01,
       5.23277745e-02, -2.68940598e-01, 4.01910812e-01, 1.07581787e-01,
       -2.78170496e-01, 3.96021783e-01, -1.48535743e-02, -3.01948428e-01,
       3.59199166e-01, 4.34252024e-02, -3.12516183e-01, 3.54756057e-01,
       9.91114601e-02, -3.19331676e-01, 3.52323085e-01, -2.57770568e-02,
       -3.40872407e-01, 3.17258805e-01, 3.21198478e-02, -3.50832552e-01,
       3.12155187e-01, 9.06219408e-02, -3.58590811e-01, 3.10868680e-01 ]
WS_POSITIONS: !!opencv-matrix
   rows: 9
   cols: 1
   dt: "3f"
   data: [ 7.60087818e-02, -6.40018843e-03, 1.76842546e+00,
       1.35296211e-01, -1.36883715e-02, 1.76735699e+00, 1.90602034e-01,
       -2.26651281e-02, 1.76156390e+00, 6.83307722e-02, -4.71501239e-02,
       1.72465944e+00, 1.26666054e-01, -5.74456453e-02, 1.72031999e+00,
       1.82387993e-01, -6.39957190e-02, 1.71797633e+00, 5.76504506e-02,
       -8.62503946e-02, 1.68282056e+00, 1.15601726e-01, -9.59421173e-02,
       1.67781830e+00, 1.74142629e-01, -1.03417799e-01, 1.67662740e+00 ]
MAT_WS2RB: !!opencv-matrix
   rows: 4
   cols: 4
   dt: f
   data: [ 9.99987245e-01, -4.88905655e-03, -1.25698978e-03, 0.,
       4.89274040e-03, 9.99983668e-01, 2.94427644e-03, 0.,
       1.24257454e-03, -2.95038917e-03, 9.99994814e-01, 0.,
       -8.50958005e-02, -2.49376595e-01, -1.36522663e+00, 1. ]
MAT_RB2WS: !!opencv-matrix
   rows: 4
   cols: 4
   dt: f
   data: [ 9.99987245e-01, 4.89274040e-03, 1.24257454e-03, 0.,
       -4.88905702e-03, 9.99983668e-01, -2.95038917e-03, 0.,
       -1.25698978e-03, 2.94427644e-03, 9.99994874e-01, 0.,
       8.21594372e-02, 2.53808498e-01, 1.36458957e+00, 1. ]
