%YAML:1.0
---
RB_POSITIONS: !!opencv-matrix
   rows: 9
   cols: 1
   dt: "3f"
   data: [ -1.68735385e-02, -3.38958561e-01, 4.32162970e-01,
       4.23826948e-02, -3.46482068e-01, 4.30972755e-01, 9.76183489e-02,
       -3.55658382e-01, 4.24995065e-01, -2.47887522e-02, -3.79590958e-01,
       3.88417542e-01, 3.34915966e-02, -3.90109926e-01, 3.83956969e-01,
       8.91811699e-02, -3.96873415e-01, 3.81386280e-01, -3.57204340e-02,
       -4.18553889e-01, 3.46379966e-01, 2.21885592e-02, -4.28478062e-01,
       3.41356844e-01, 8.07023048e-02, -4.36189413e-01, 3.40040118e-01 ]
WS_POSITIONS: !!opencv-matrix
   rows: 9
   cols: 1
   dt: "3f"
   data: [ 7.60075971e-02, -6.41267141e-03, 1.76838875e+00,
       1.35295972e-01, -1.36977881e-02, 1.76732314e+00, 1.90579474e-01,
       -2.26609521e-02, 1.76146567e+00, 6.83391541e-02, -4.71581146e-02,
       1.72470462e+00, 1.26669943e-01, -5.74487299e-02, 1.72037244e+00,
       1.82391196e-01, -6.39909208e-02, 1.71791828e+00, 5.76443225e-02,
       -8.62432271e-02, 1.68271959e+00, 1.15602382e-01, -9.59415883e-02,
       1.67782307e+00, 1.74149275e-01, -1.03417821e-01, 1.67662990e+00 ]
MAT_WS2RB: !!opencv-matrix
   rows: 4
   cols: 4
   dt: f
   data: [ 9.99990046e-01, -4.05507674e-03, -1.87299086e-03, 0.,
       4.05856082e-03, 9.99990106e-01, 1.85985025e-03, 0.,
       1.86543039e-03, -1.86743343e-03, 9.99996543e-01, 0.,
       -9.61531550e-02, -3.28935415e-01, -1.33606541e+00, 1. ]
MAT_RB2WS: !!opencv-matrix
   rows: 4
   cols: 4
   dt: f
   data: [ 9.99990046e-01, 4.05856036e-03, 1.86543039e-03, 0.,
       -4.05507721e-03, 9.99990046e-01, -1.86743331e-03, 0.,
       -1.87299086e-03, 1.85985025e-03, 9.99996543e-01, 0.,
       9.23158973e-02, 3.31807196e-01, 1.33562589e+00, 1. ]
