%YAML:1.0
---
RB_POSITIONS: !!opencv-matrix
   rows: 9
   cols: 1
   dt: "3f"
   data: [ -2.81289071e-02, -4.25085157e-01, 4.64588195e-01,
       3.11248899e-02, -4.32552874e-01, 4.63450849e-01, 8.63807276e-02,
       -4.41701591e-01, 4.57509071e-01, -3.59980538e-02, -4.65775907e-01,
       4.20891017e-01, 2.22851932e-02, -4.76247966e-01, 4.16385502e-01,
       7.79926479e-02, -4.82951880e-01, 4.13916826e-01, -4.68826145e-02,
       -5.04783273e-01, 3.78935575e-01, 1.10468566e-02, -5.14652908e-01,
       3.73862684e-01, 6.95536211e-02, -5.22310078e-01, 3.72560114e-01 ]
WS_POSITIONS: !!opencv-matrix
   rows: 9
   cols: 1
   dt: "3f"
   data: [ 7.60085061e-02, -6.42470876e-03, 1.76838410e+00,
       1.35288045e-01, -1.36988489e-02, 1.76733732e+00, 1.90581933e-01,
       -2.26719528e-02, 1.76148224e+00, 6.83344156e-02, -4.71850075e-02,
       1.72471714e+00, 1.26658008e-01, -5.74700497e-02, 1.72030389e+00,
       1.82390586e-01, -6.39933646e-02, 1.71791995e+00, 5.76369576e-02,
       -8.62700641e-02, 1.68278587e+00, 1.15605593e-01, -9.59544405e-02,
       1.67780411e+00, 1.74138963e-01, -1.03420682e-01, 1.67659128e+00 ]
MAT_WS2RB: !!opencv-matrix
   rows: 4
   cols: 4
   dt: f
   data: [ 9.99993622e-01, -3.28401895e-03, -1.40458881e-03, 0.,
       3.28543317e-03, 9.99994099e-01, 1.00565946e-03, 0.,
       1.40127796e-03, -1.01026776e-03, 9.99998510e-01, 0.,
       -1.06593817e-01, -4.16624337e-01, -1.30368006e+00, 1. ]
MAT_RB2WS: !!opencv-matrix
   rows: 4
   cols: 4
   dt: f
   data: [ 9.99993622e-01, 3.28543317e-03, 1.40127796e-03, 0.,
       -3.28401895e-03, 9.99994099e-01, -1.01026765e-03, 0.,
       -1.40458881e-03, 1.00565946e-03, 9.99998510e-01, 0.,
       1.03393801e-01, 4.18283135e-01, 1.30340672e+00, 1. ]
