%YAML:1.0
---
RB_POSITIONS: !!opencv-matrix
   rows: 9
   cols: 1
   dt: "3f"
   data: [ 2.26851627e-02, -1.73936144e-01, 3.29815954e-01,
       8.19493234e-02, -1.82004377e-01, 3.28228176e-01, 1.37023926e-01,
       -1.91449136e-01, 3.21206063e-01, 1.39591023e-02, -2.12390825e-01,
       2.84409761e-01, 7.20755979e-02, -2.23280683e-01, 2.78720140e-01,
       1.27649397e-01, -2.30359733e-01, 2.75368392e-01, 2.19746679e-03,
       -2.49213606e-01, 2.40942925e-01, 5.99629506e-02, -2.59402573e-01,
       2.34788477e-01, 1.18373856e-01, -2.67540336e-01, 2.32215643e-01 ]
WS_POSITIONS: !!opencv-matrix
   rows: 9
   cols: 1
   dt: "3f"
   data: [ 9.33478996e-02, -2.79787239e-02, 1.73253655e+00,
       1.52673125e-01, -3.56080048e-02, 1.73106372e+00, 2.07825884e-01,
       -4.46760729e-02, 1.72415960e+00, 8.49673375e-02, -6.67539164e-02,
       1.68733823e+00, 1.43171206e-01, -7.72365183e-02, 1.68177831e+00,
       1.98800862e-01, -8.39144886e-02, 1.67853177e+00, 7.35366195e-02,
       -1.03909254e-01, 1.64406657e+00, 1.31384760e-01, -1.13696307e-01,
       1.63803744e+00, 1.89858481e-01, -1.21407084e-01, 1.63557911e+00 ]
MAT_WS2RB: !!opencv-matrix
   rows: 4
   cols: 4
   dt: f
   data: [ 9.99970794e-01, -7.54505629e-03, -1.21352845e-03, 0.,
       7.55179254e-03, 9.99955535e-01, 5.64514659e-03, 0.,
       1.17088144e-03, -5.65414643e-03, 9.99983311e-01, 0.,
       -7.24773109e-02, -1.35458335e-01, -1.40242040e+00, 1. ]
MAT_RB2WS: !!opencv-matrix
   rows: 4
   cols: 4
   dt: f
   data: [ 9.99970794e-01, 7.55179208e-03, 1.17088156e-03, 0.,
       -7.54505675e-03, 9.99955535e-01, -5.65414643e-03, 0.,
       -1.21352845e-03, 5.64514706e-03, 9.99983311e-01, 0.,
       6.97512776e-02, 1.43916517e-01, 1.40171611e+00, 1. ]
