%YAML:1.0
---
RB_POSITIONS: !!opencv-matrix
   rows: 9
   cols: 1
   dt: "3f"
   data: [ 5.95778227e-03, -1.61244199e-01, 3.45727205e-01,
       6.53335676e-02, -1.68258429e-01, 3.45916510e-01, 1.20805383e-01,
       -1.76904842e-01, 3.41492265e-01, -2.23383307e-04, -2.01050326e-01,
       3.00569981e-01, 5.82797080e-02, -2.11030722e-01, 2.97704339e-01,
       1.14084706e-01, -2.17260003e-01, 2.96961933e-01, -9.51784477e-03,
       -2.39268363e-01, 2.57762879e-01, 4.85843271e-02, -2.48605177e-01,
       2.53979594e-01, 1.07130393e-01, -2.55803108e-01, 2.54017442e-01 ]
WS_POSITIONS: !!opencv-matrix
   rows: 9
   cols: 1
   dt: "3f"
   data: [ 7.64881894e-02, -1.53512461e-02, 1.74838960e+00,
       1.35914057e-01, -2.19236035e-02, 1.74868834e+00, 1.91453785e-01,
       -3.01828589e-02, 1.74437809e+00, 7.06574321e-02, -5.54544143e-02,
       1.70344913e+00, 1.29236341e-01, -6.50163591e-02, 1.70070851e+00,
       1.85086831e-01, -7.08355159e-02, 1.70006692e+00, 6.16988242e-02,
       -9.39794630e-02, 1.66084611e+00, 1.19873181e-01, -1.02905981e-01,
       1.65718377e+00, 1.78470895e-01, -1.09669045e-01, 1.65733111e+00 ]
MAT_WS2RB: !!opencv-matrix
   rows: 4
   cols: 4
   dt: f
   data: [ 9.99971867e-01, -7.41244201e-03, -1.22184702e-03, 0.,
       7.41917314e-03, 9.99956906e-01, 5.60006639e-03, 0.,
       1.18028407e-03, -5.60897356e-03, 9.99983728e-01, 0.,
       -7.24779516e-02, -1.35519966e-01, -1.40245450e+00, 1. ]
MAT_RB2WS: !!opencv-matrix
   rows: 4
   cols: 4
   dt: f
   data: [ 9.99971807e-01, 7.41917267e-03, 1.18028396e-03, 0.,
       -7.41244107e-03, 9.99956787e-01, -5.60897309e-03, 0.,
       -1.22184702e-03, 5.60006592e-03, 9.99983549e-01, 0.,
       6.97577894e-02, 1.43905655e-01, 1.40175676e+00, 1. ]
