%YAML:1.0
---
RB_POSITIONS: !!opencv-matrix
   rows: 9
   cols: 1
   dt: "3f"
   data: [ -2.28267834e-02, -1.64556935e-01, 3.37113649e-01,
       3.64632607e-02, -1.72202796e-01, 3.35444689e-01, 9.16793346e-02,
       -1.81384951e-01, 3.29310715e-01, -3.07407789e-02, -2.03359470e-01,
       2.91264772e-01, 2.75098234e-02, -2.13982433e-01, 2.86859602e-01,
       8.31819251e-02, -2.20814675e-01, 2.84121692e-01, -4.17029858e-02,
       -2.40651071e-01, 2.48065412e-01, 1.61047354e-02, -2.50526667e-01,
       2.42466629e-01, 7.46136680e-02, -2.58375227e-01, 2.41002560e-01 ]
WS_POSITIONS: !!opencv-matrix
   rows: 9
   cols: 1
   dt: "3f"
   data: [ 4.77820523e-02, -1.89421568e-02, 1.73969066e+00,
       1.07129492e-01, -2.61527747e-02, 1.73812759e+00, 1.62419528e-01,
       -3.49549390e-02, 1.73210371e+00, 4.02096100e-02, -5.80568239e-02,
       1.69404984e+00, 9.85429585e-02, -6.82673827e-02, 1.68976593e+00,
       1.54267639e-01, -7.46974573e-02, 1.68712556e+00, 2.95747947e-02,
       -9.56687480e-02, 1.65104675e+00, 8.74609947e-02, -1.05141923e-01,
       1.64556468e+00, 1.46028638e-01, -1.12559944e-01, 1.64420676e+00 ]
MAT_WS2RB: !!opencv-matrix
   rows: 4
   cols: 4
   dt: f
   data: [ 9.99971271e-01, -7.48550845e-03, -1.10954931e-03, 0.,
       7.49155693e-03, 9.99956429e-01, 5.55150630e-03, 0.,
       1.06794527e-03, -5.55965910e-03, 9.99983907e-01, 0.,
       -7.23234490e-02, -1.35585845e-01, -1.40239084e+00, 1. ]
MAT_RB2WS: !!opencv-matrix
   rows: 4
   cols: 4
   dt: f
   data: [ 9.99971390e-01, 7.49155832e-03, 1.06794538e-03, 0.,
       -7.48550938e-03, 9.99956548e-01, -5.55966003e-03, 0.,
       -1.10954943e-03, 5.55150630e-03, 9.99983966e-01, 0.,
       6.97504357e-02, 1.43907160e-01, 1.40169179e+00, 1. ]
