%YAML:1.0
---
RB_POSITIONS: !!opencv-matrix
   rows: 9
   cols: 1
   dt: "3f"
   data: [ 3.02877054e-02, -1.50289074e-01, 3.64482045e-01,
       8.94914418e-02, -1.57255918e-01, 3.64152968e-01, 1.45014241e-01,
       -1.65893555e-01, 3.59970033e-01, 2.44152099e-02, -1.91600740e-01,
       3.20407450e-01, 8.29317048e-02, -2.01331764e-01, 3.17889512e-01,
       1.38784945e-01, -2.07348749e-01, 3.17534596e-01, 1.54503137e-02,
       -2.31277272e-01, 2.78669745e-01, 7.36060068e-02, -2.40365773e-01,
       2.75574505e-01, 1.32239148e-01, -2.47286528e-01, 2.76169330e-01 ]
WS_POSITIONS: !!opencv-matrix
   rows: 9
   cols: 1
   dt: "3f"
   data: [ 1.00772455e-01, -4.14333213e-03, 1.76706016e+00,
       1.60026640e-01, -1.06712589e-02, 1.76682937e+00, 2.15616494e-01,
       -1.89183503e-02, 1.76275015e+00, 9.52537730e-02, -4.57378514e-02,
       1.72320640e+00, 1.53843611e-01, -5.50469123e-02, 1.72080123e+00,
       2.09740356e-01, -6.06500916e-02, 1.72053599e+00, 8.66281465e-02,
       -8.57075080e-02, 1.68167746e+00, 1.44853041e-01, -9.43799093e-02,
       1.67869115e+00, 2.03535318e-01, -1.00860953e-01, 1.67938340e+00 ]
MAT_WS2RB: !!opencv-matrix
   rows: 4
   cols: 4
   dt: f
   data: [ 9.99971926e-01, -7.43334088e-03, -1.05649268e-03, 0.,
       7.43900891e-03, 9.99957502e-01, 5.46621298e-03, 0.,
       1.01581530e-03, -5.47391828e-03, 9.99984622e-01, 0.,
       -7.22461045e-02, -1.35724097e-01, -1.40242183e+00, 1. ]
MAT_RB2WS: !!opencv-matrix
   rows: 4
   cols: 4
   dt: f
   data: [ 9.99971807e-01, 7.43900798e-03, 1.01581530e-03, 0.,
       -7.43333995e-03, 9.99957383e-01, -5.47391735e-03, 0.,
       -1.05649245e-03, 5.46621252e-03, 9.99984503e-01, 0.,
       6.97535276e-02, 1.43921688e-01, 1.40173042e+00, 1. ]
