%YAML:1.0
---
RB_POSITIONS: !!opencv-matrix
   rows: 9
   cols: 1
   dt: "3f"
   data: [ -2.17833854e-02, -1.38205707e-01, 3.72813433e-01,
       3.73400450e-02, -1.46265745e-01, 3.71051401e-01, 9.25761908e-02,
       -1.55602515e-01, 3.65236133e-01, -2.98215672e-02, -1.79135725e-01,
       3.30552161e-01, 2.83480659e-02, -1.89928412e-01, 3.25824857e-01,
       8.40350538e-02, -1.96884647e-01, 3.23443413e-01, -4.10457999e-02,
       -2.18829155e-01, 2.89661944e-01, 1.67555064e-02, -2.28959680e-01,
       2.84212470e-01, 7.52591863e-02, -2.36863196e-01, 2.82642484e-01 ]
WS_POSITIONS: !!opencv-matrix
   rows: 9
   cols: 1
   dt: "3f"
   data: [ 4.85684983e-02, 7.61057297e-03, 1.77526140e+00,
       1.07752129e-01, -1.95974280e-05, 1.77360976e+00, 1.63062736e-01,
       -8.97767022e-03, 1.76790762e+00, 4.08831537e-02, -3.36104594e-02,
       1.73321795e+00, 9.91367102e-02, -4.39965688e-02, 1.72861505e+00,
       1.54876515e-01, -5.05519323e-02, 1.72633410e+00, 3.00010834e-02,
       -7.36110285e-02, 1.69253504e+00, 8.78822505e-02, -8.33417550e-02,
       1.68720591e+00, 1.46444753e-01, -9.08189639e-02, 1.68574476e+00 ]
MAT_WS2RB: !!opencv-matrix
   rows: 4
   cols: 4
   dt: f
   data: [ 9.99971807e-01, -7.42302788e-03, -1.15430716e-03, 0.,
       7.42928544e-03, 9.99957263e-01, 5.51421661e-03, 0.,
       1.11332571e-03, -5.52263623e-03, 9.99984145e-01, 0.,
       -7.23835006e-02, -1.35651305e-01, -1.40240574e+00, 1. ]
MAT_RB2WS: !!opencv-matrix
   rows: 4
   cols: 4
   dt: f
   data: [ 9.99971807e-01, 7.42928497e-03, 1.11332559e-03, 0.,
       -7.42302835e-03, 9.99957204e-01, -5.52263623e-03, 0.,
       -1.15430728e-03, 5.51421614e-03, 9.99984145e-01, 0.,
       6.97557032e-02, 1.43916413e-01, 1.40171492e+00, 1. ]
