%YAML:1.0
---
undist_circle_center_pos: !!opencv-matrix
   rows: 8
   cols: 2
   dt: d
   data: [ 6.2086151123046875e+02, 3.4930578613281250e+02,
       7.5836889648437500e+02, 7.1966894531250000e+02,
       9.9707830810546875e+02, 2.2030984497070313e+02,
       2.3942622375488281e+02, 6.0637109375000000e+02,
       4.9985403442382813e+02, 9.7930389404296875e+02,
       1.1371367645263672e+02, 2.4299148559570313e+02,
       1.0850421142578125e+02, 1.1209068603515625e+03,
       1.0304996337890625e+03, 1.0956628417968750e+03 ]
