%YAML:1.0
---
undist_circle_center_pos: !!opencv-matrix
   rows: 8
   cols: 2
   dt: d
   data: [ 8.0476361083984375e+02, 4.7761938476562500e+02,
       9.4751055908203125e+02, 7.8324298095703125e+02,
       1.1643759765625000e+03, 3.7268637084960938e+02,
       4.3612420654296875e+02, 6.8822705078125000e+02,
       6.9548254394531250e+02, 1.0112434082031250e+03,
       3.1787478637695313e+02, 3.8894345092773438e+02,
       2.9804437255859375e+02, 1.1365372314453125e+03,
       1.23751055908203125e+03, 1.11324298095703125e+03 ]
