%YAML:1.0
---
undist_circle_center_pos: !!opencv-matrix
   rows: 8
   cols: 2
   dt: d
   data: [ 6.4306048583984375e+02, 5.0179785156250000e+02,
       7.6975628662109375e+02, 8.2509667968750000e+02,
       9.7477478027343750e+02, 3.8447598266601563e+02,
       3.1184146118164063e+02, 7.3193865966796875e+02,
       5.4793200683593750e+02, 1.0585841064453125e+03,
       1.9516603088378906e+02, 4.1345056152343750e+02,
       2.0456951904296875e+02, 1.1849163818359375e+03,
       1.0165342407226563e+03, 1.1568283691406250e+03 ]
