%YAML:1.0
---
undist_circle_center_pos: !!opencv-matrix
   rows: 8
   cols: 2
   dt: d
   data: [ 7.7715869140625000e+02, 4.0840472412109375e+02,
       9.0775970458984375e+02, 7.3432348632812500e+02,
       1.1076810302734375e+03, 2.8913131713867188e+02,
       4.5073675537109375e+02, 6.4155761718750000e+02,
       6.9010760498046875e+02, 9.7094335937500000e+02,
       3.2782122802734375e+02, 3.2099957275390625e+02,
       3.4912792968750000e+02, 1.0965942382812500e+03,
       1.1570903320312500e+03, 1.0642489013671875e+03 ]
