%YAML:1.0
---
undist_circle_center_pos: !!opencv-matrix
   rows: 8
   cols: 2
   dt: d
   data: [ 6.6136962890625000e+02, 2.8148580932617188e+02,
       7.8278814697265625e+02, 6.0465307617187500e+02,
       9.8948785400390625e+02, 1.7051927185058594e+02,
       3.3221139526367188e+02, 5.0461160278320313e+02,
       5.6299029541015625e+02, 8.3044036865234375e+02,
       2.1716972351074219e+02, 1.9039189147949219e+02,
       2.2277842712402344e+02, 9.5065576171875000e+02,
       1.0268261108398438e+03, 9.2757904052734375e+02 ]
