%YAML:1.0
---
undist_circle_center_pos: !!opencv-matrix
   rows: 8
   cols: 2
   dt: d
   data: [ 7.7655438232421875e+02, 5.1974267578125000e+02,
       8.983111572265625e+02, 8.5421948242187500e+02,
       1.1147965087890625e+03, 3.9925833129882813e+02,
       4.3574008178710938e+02, 7.4253869628906250e+02,
       6.6811389160156250e+02, 1.1854332275390625e+03,
       3.1907794189453125e+02, 4.0741461181640625e+02,
       3.1571481323242188e+02, 1.2048295898437500e+03,
       1.1352441406250000e+03, 1.1981751708984375e+03 ]
