%YAML:1.0
---
undist_circle_center_pos: !!opencv-matrix
   rows: 8
   cols: 2
   dt: d
   data: [ 7.6228167724609375e+02, 4.6724121093750000e+02,
       8.9849530029296875e+02, 8.1867730712890625e+02,
       1.1104161376953125e+03, 3.3668365478515625e+02,
       4.1087396240234375e+02, 7.2492321777343750e+02,
       6.6352142333984375e+02, 1.0706514892578125e+03,
       2.7393569946289063e+02, 3.7322805786132813e+02,
       3.1035159301757813e+02, 1.2158883056640625e+03,
       1.1650249023437500e+03, 1.1688233642578125e+03 ]
