%YAML:1.0
---
RB_POSITIONS: !!opencv-matrix
   rows: 9
   cols: 1
   dt: "3f"
   data: [ -3.93117964e-03, -3.03326070e-01, 2.79454440e-01,
       5.23877107e-02, -2.96868384e-01, 2.97925830e-01, 1.07107967e-01,
       -2.93215811e-01, 3.11789691e-01, 1.23728439e-02, -3.47335815e-01,
       2.41060302e-01, 6.94192052e-02, -3.44096839e-01, 2.56945044e-01,
       1.22657642e-01, -3.37704957e-01, 2.73537725e-01, 2.45508254e-02,
       -3.90317380e-01, 2.03560993e-01, 8.14351514e-02, -3.86634409e-01,
       2.18737617e-01, 1.34918198e-01, -3.81745130e-01, 2.34202772e-01 ]
WS_POSITIONS: !!opencv-matrix
   rows: 9
   cols: 1
   dt: "3f"
   data: [ -1.20349661e-01, -2.24764436e-01, 1.65965009e+00,
       -6.28685057e-02, -2.18792573e-01, 1.67431164e+00, -7.31547922e-03,
       -2.15628073e-01, 1.68449509e+00, -1.07057102e-01, -2.69085944e-01,
       1.62046206e+00, -4.90529574e-02, -2.66350120e-01, 1.63250935e+00,
       5.22926915e-03, -2.60420918e-01, 1.64550126e+00, -9.78119299e-02,
       -3.12334836e-01, 1.58243608e+00, -4.00122106e-02, -3.09156239e-01,
       1.59378552e+00, 1.44246873e-02, -3.04736465e-01, 1.60564315e+00 ]
MAT_WS2RB: !!opencv-matrix
   rows: 4
   cols: 4
   dt: f
   data: [ 9.97744560e-01, 9.63669736e-03, 6.64314330e-02, 0.,
       -9.92240291e-03, 9.99942958e-01, 3.97216622e-03, 0.,
       -6.63893521e-02, -4.62236628e-03, 9.97783184e-01, 0.,
       2.24099934e-01, -6.97431713e-02, -1.36762869e+00, 1. ]
MAT_RB2WS: !!opencv-matrix
   rows: 4
   cols: 4
   dt: f
   data: [ 9.97744441e-01, -9.92240291e-03, -6.63893521e-02, 0.,
       9.63669550e-03, 9.99942899e-01, -4.62236581e-03, 0.,
       6.64314181e-02, 3.97216575e-03, 9.97783065e-01, 0.,
       -1.32068828e-01, 7.73952380e-02, 1.37915218e+00, 1. ]
