%YAML:1.0
---
RB_POSITIONS: !!opencv-matrix
   rows: 9
   cols: 1
   dt: "3f"
   data: [ -5.00723720e-03, -2.75899678e-01, 2.74659872e-01,
       5.12978733e-02, -2.69506693e-01, 2.93213069e-01, 1.06035717e-01,
       -2.65860617e-01, 3.06944191e-01, 1.12249404e-02, -3.19987357e-01,
       2.36514762e-01, 6.82696253e-02, -3.16768557e-01, 2.52324402e-01,
       1.21520206e-01, -3.10461700e-01, 2.68874288e-01, 2.33745649e-02,
       -3.63028854e-01, 1.98965639e-01, 8.02626014e-02, -3.59381437e-01,
       2.14134261e-01, 1.33770406e-01, -3.54536057e-01, 2.29512125e-01 ]
WS_POSITIONS: !!opencv-matrix
   rows: 9
   cols: 1
   dt: "3f"
   data: [ -1.20362356e-01, -2.24918768e-01, 1.65957773e+00,
       -6.28995895e-02, -2.18995512e-01, 1.67435288e+00, -7.34405266e-03,
       -2.15821773e-01, 1.68443143e+00, -1.07090458e-01, -2.69299150e-01,
       1.62063551e+00, -4.91001196e-02, -2.66567051e-01, 1.63263798e+00,
       5.18201618e-03, -2.60708123e-01, 1.64561582e+00, -9.78430510e-02,
       -3.12592208e-01, 1.58255255e+00, -4.00472954e-02, -3.09432387e-01,
       1.59392381e+00, 1.44006517e-02, -3.05041641e-01, 1.60572147e+00 ]
MAT_WS2RB: !!opencv-matrix
   rows: 4
   cols: 4
   dt: f
   data: [ 9.97780919e-01, 9.28388070e-03, 6.59313723e-02, 0.,
       -9.54663288e-03, 9.99947667e-01, 3.67129757e-03, 0.,
       -6.58938438e-02, -4.29257331e-03, 9.97817397e-01, 0.,
       2.22296759e-01, -4.27513979e-02, -1.37253428e+00, 1. ]
MAT_RB2WS: !!opencv-matrix
   rows: 4
   cols: 4
   dt: f
   data: [ 9.97780979e-01, -9.54663288e-03, -6.58938438e-02, 0.,
       9.28388070e-03, 9.99947667e-01, -4.29257331e-03, 0.,
       6.59313798e-02, 3.67129734e-03, 9.97817397e-01, 0.,
       -1.30913511e-01, 4.99103293e-02, 1.38400316e+00, 1. ]
