%YAML:1.0
---
RB_POSITIONS: !!opencv-matrix
   rows: 9
   cols: 1
   dt: "3f"
   data: [ -4.81257588e-03, -2.81425148e-01, 2.75999457e-01,
       5.15113547e-02, -2.74983406e-01, 2.94427335e-01, 1.06245786e-01,
       -2.71323800e-01, 3.08210194e-01, 1.14608705e-02, -3.25504541e-01,
       2.37771302e-01, 6.85050115e-02, -3.22245538e-01, 2.53574580e-01,
       1.21743515e-01, -3.15913290e-01, 2.70159662e-01, 2.36368999e-02,
       -3.68527412e-01, 2.00226068e-01, 8.05039555e-02, -3.64856660e-01,
       2.15361685e-01, 1.34012118e-01, -3.59991282e-01, 2.30854884e-01 ]
WS_POSITIONS: !!opencv-matrix
   rows: 9
   cols: 1
   dt: "3f"
   data: [ -1.20363533e-01, -2.24852368e-01, 1.65966105e+00,
       -6.28834739e-02, -2.18895391e-01, 1.67429054e+00, -7.32353469e-03,
       -2.15719774e-01, 1.68440127e+00, -1.07076287e-01, -2.69207478e-01,
       1.62060618e+00, -4.90816198e-02, -2.66448349e-01, 1.63258123e+00,
       5.19671198e-03, -2.60576934e-01, 1.64557707e+00, -9.78220403e-02,
       -3.12464505e-01, 1.58250034e+00, -4.00444642e-02, -3.09294015e-01,
       1.59381938e+00, 1.44167235e-02, -3.04895490e-01, 1.60571337e+00 ]
MAT_WS2RB: !!opencv-matrix
   rows: 4
   cols: 4
   dt: f
   data: [ 9.97754514e-01, 9.40632541e-03, 6.63133860e-02, 0.,
       -9.63766500e-03, 9.99948502e-01, 3.16953007e-03, 0.,
       -6.62801638e-02, -3.80151905e-03, 9.97793853e-01, 0.,
       2.23116234e-01, -4.91429567e-02, -1.37130570e+00, 1. ]
MAT_RB2WS: !!opencv-matrix
   rows: 4
   cols: 4
   dt: f
   data: [ 9.97754514e-01, -9.63766500e-03, -6.62801638e-02, 0.,
       9.40632634e-03, 9.99948561e-01, -3.80151905e-03, 0.,
       6.63133934e-02, 3.16953007e-03, 9.97793794e-01, 0.,
       -1.31217033e-01, 5.56371398e-02, 1.38288176e+00, 1. ]
