%YAML:1.0
---
rvec: !!opencv-matrix
   rows: 3
   cols: 1
   dt: d
   data: [ 1.8620485408210949e+00, 1.1065323628490788e-01,
       1.6401501965331983e-01 ]
tvec: !!opencv-matrix
   rows: 3
   cols: 1
   dt: d
   data: [ 3.6168231773645393e-02, 1.9463345478297439e-01,
       1.1195980117498148e+00 ]
