%YAML:1.0
---
rvec: !!opencv-matrix
   rows: 3
   cols: 1
   dt: d
   data: [ 1.8590872350434560e+00, 1.1030304762604651e-01,
       1.6475676085726576e-01 ]
tvec: !!opencv-matrix
   rows: 3
   cols: 1
   dt: d
   data: [ 3.5687207430244783e-02, 1.9594255676887479e-01,
       1.1216874078592691e+00 ]
