%YAML:1.0
---
K: !!opencv-matrix
   rows: 3
   cols: 3
   dt: d
   data: [ 4.9207502485278455e+03, 0., 6.0728068677556496e+02, 0.,
       4.9217065396176995e+03, 8.1401212519385138e+02, 0., 0., 1. ]
DistCoeffs: !!opencv-matrix
   rows: 1
   cols: 5
   dt: d
   data: [ -8.0898144841779124e-02, 1.0435686938662621e+00,
       1.4257357513986640e-02, -3.9395255781461153e-03,
       -4.2558745932303549e-01 ]
rvec: !!opencv-matrix
   rows: 3
   cols: 1
   dt: d
   data: [ 1.8620329910856859e+00, 3.3569734886630759e-02,
       1.2373219315965429e-01 ]
tvec: !!opencv-matrix
   rows: 3
   cols: 1
   dt: d
   data: [ 3.8473141418582511e-02, 1.9376159106726759e-01,
       1.1238250199825277e+00 ]
rb2wsMat: !!opencv-matrix
   rows: 4
   cols: 4
   dt: f
   data: [ 9.41277325e-01, 2.05226950e-02, 3.37010115e-01, 0.,
       -3.26561294e-02, 9.99005020e-01, 3.03735696e-02, 0.,
       -3.36051434e-01, -3.95953991e-02, 9.41010952e-01, 0.,
       -1.87829554e-01, 2.58362621e-01, 1.22814286e+00, 1. ]
imgFile: "test1_139073868145225.png"
