%YAML:1.0
---
K: !!opencv-matrix
   rows: 3
   cols: 3
   dt: d
   data: [ 4.9207502485278455e+03, 0., 6.0728068677556496e+02, 0.,
       4.9217065396176995e+03, 8.1401212519385138e+02, 0., 0., 1. ]
DistCoeffs: !!opencv-matrix
   rows: 1
   cols: 5
   dt: d
   data: [ -8.0898144841779124e-02, 1.0435686938662621e+00,
       1.4257357513986640e-02, -3.9395255781461153e-03,
       -4.2558745932303549e-01 ]
rvec: !!opencv-matrix
   rows: 3
   cols: 1
   dt: d
   data: [ 1.8843583569338520e+00, 1.1357802790070408e-01,
       1.5526675305760418e-01 ]
tvec: !!opencv-matrix
   rows: 3
   cols: 1
   dt: d
   data: [ 4.1485647361443660e-02, 1.8359505130487636e-01,
       1.1298546499355826e+00 ]
rb2wsMat: !!opencv-matrix
   rows: 4
   cols: 4
   dt: f
   data: [ 9.92252707e-01, 1.21720053e-01, 2.48743966e-02, 0.,
       -1.20320611e-01, 9.91392374e-01, -5.16147017e-02, 0.,
       -3.09428312e-02, 4.82219234e-02, 9.98357236e-01, 0.,
       2.76508369e-02, 1.66269541e-01, 1.17605996e+00, 1. ]
imgFile: "test1_139095470754592.png"
