%YAML:1.0
---
K: !!opencv-matrix
   rows: 3
   cols: 3
   dt: d
   data: [ 4.9207502485278455e+03, 0., 6.0728068677556496e+02, 0.,
       4.9217065396176995e+03, 8.1401212519385138e+02, 0., 0., 1. ]
DistCoeffs: !!opencv-matrix
   rows: 1
   cols: 5
   dt: d
   data: [ -8.0898144841779124e-02, 1.0435686938662621e+00,
       1.4257357513986640e-02, -3.9395255781461153e-03,
       -4.2558745932303549e-01 ]
rvec: !!opencv-matrix
   rows: 3
   cols: 1
   dt: d
   data: [ 1.8753568945511276e+00, 1.1225678495943593e-01,
       1.5945560691298116e-01 ]
tvec: !!opencv-matrix
   rows: 3
   cols: 1
   dt: d
   data: [ 3.9005039807187142e-02, 1.8806148633465386e-01,
       1.1273601858554285e+00 ]
rb2wsMat: !!opencv-matrix
   rows: 4
   cols: 4
   dt: f
   data: [ 9.92196262e-01, 1.22207768e-01, 2.47350838e-02, 0.,
       -1.20863609e-01, 9.91407931e-01, -5.00234216e-02, 0.,
       -3.06358095e-02, 4.66434807e-02, 9.98441696e-01, 0.,
       2.76264809e-02, 1.16645820e-01, 1.18990672e+00, 1. ]
imgFile: "test1_139095470773698.png"
