%YAML:1.0
---
K: !!opencv-matrix
   rows: 3
   cols: 3
   dt: d
   data: [ 4.9207502485278455e+03, 0., 6.0728068677556496e+02, 0.,
       4.9217065396176995e+03, 8.1401212519385138e+02, 0., 0., 1. ]
DistCoeffs: !!opencv-matrix
   rows: 1
   cols: 5
   dt: d
   data: [ -8.0898144841779124e-02, 1.0435686938662621e+00,
       1.4257357513986640e-02, -3.9395255781461153e-03,
       -4.2558745932303549e-01 ]
rvec: !!opencv-matrix
   rows: 3
   cols: 1
   dt: d
   data: [ 1.3078012153466373e-01, -2.8630916757262210e+00,
       -9.4149893823124853e-01 ]
tvec: !!opencv-matrix
   rows: 3
   cols: 1
   dt: d
   data: [ -6.4642217421065878e-02, 1.3201102697277706e-01,
       -1.3757027488577328e-01 ]
rb2wsMat: !!opencv-matrix
   rows: 4
   cols: 4
   dt: f
   data: [ 9.90501285e-01, 1.26007006e-01, 5.50406873e-02, 0.,
       -1.27918199e-01, 9.91245866e-01, 3.26889455e-02, 0.,
       -5.04398197e-02, -3.94191444e-02, 9.97948885e-01, 0.,
       1.95907708e-03, 1.30953947e-02, 1.20210171e+00, 1. ]
imgFile: "test1_139095469358554.png"
