%YAML:1.0
---
K: !!opencv-matrix
   rows: 3
   cols: 3
   dt: d
   data: [ 4.9207502485278455e+03, 0., 6.0728068677556496e+02, 0.,
       4.9217065396176995e+03, 8.1401212519385138e+02, 0., 0., 1. ]
DistCoeffs: !!opencv-matrix
   rows: 1
   cols: 5
   dt: d
   data: [ -8.0898144841779124e-02, 1.0435686938662621e+00,
       1.4257357513986640e-02, -3.9395255781461153e-03,
       -4.2558745932303549e-01 ]
rvec: !!opencv-matrix
   rows: 3
   cols: 1
   dt: d
   data: [ 1.8620485408210949e+00, 1.1065323628490788e-01,
       1.6401501965331983e-01 ]
tvec: !!opencv-matrix
   rows: 3
   cols: 1
   dt: d
   data: [ 3.6168231773645393e-02, 1.9463345478297439e-01,
       1.1195980117498148e+00 ]
rb2wsMat: !!opencv-matrix
   rows: 4
   cols: 4
   dt: f
   data: [ 9.92243886e-01, 1.21893875e-01, 2.43703146e-02, 0.,
       -1.20544605e-01, 9.91409242e-01, -5.07610478e-02, 0.,
       -3.03484146e-02, 4.74296324e-02, 9.98413444e-01, 0.,
       2.75997669e-02, 1.53891996e-01, 1.17944872e+00, 1. ]
imgFile: "test1_139095470218128.png"
