%YAML:1.0
---
K: !!opencv-matrix
   rows: 3
   cols: 3
   dt: d
   data: [ 4.9207502485278455e+03, 0., 6.0728068677556496e+02, 0.,
       4.9217065396176995e+03, 8.1401212519385138e+02, 0., 0., 1. ]
DistCoeffs: !!opencv-matrix
   rows: 1
   cols: 5
   dt: d
   data: [ -8.0898144841779124e-02, 1.0435686938662621e+00,
       1.4257357513986640e-02, -3.9395255781461153e-03,
       -4.2558745932303549e-01 ]
rvec: !!opencv-matrix
   rows: 3
   cols: 1
   dt: d
   data: [ 1.8978228060341142e+00, 1.1708436615865363e-01,
       1.4715263470217110e-01 ]
tvec: !!opencv-matrix
   rows: 3
   cols: 1
   dt: d
   data: [ 4.6338974790243702e-02, 1.7678889218381638e-01,
       1.1333122561302247e+00 ]
rb2wsMat: !!opencv-matrix
   rows: 4
   cols: 4
   dt: f
   data: [ 9.92285490e-01, 1.21410817e-01, 2.50777155e-02, 0.,
       -1.20016649e-01, 9.91453886e-01, -5.11386208e-02, 0.,
       -3.10721807e-02, 4.77343686e-02, 9.98376667e-01, 0.,
       2.76006274e-02, 2.04724222e-01, 1.16537070e+00, 1. ]
imgFile: "test1_139095470739399.png"
