%YAML:1.0
---
K: !!opencv-matrix
   rows: 3
   cols: 3
   dt: d
   data: [ 4.9207502485278455e+03, 0., 6.0728068677556496e+02, 0.,
       4.9217065396176995e+03, 8.1401212519385138e+02, 0., 0., 1. ]
DistCoeffs: !!opencv-matrix
   rows: 1
   cols: 5
   dt: d
   data: [ -8.0898144841779124e-02, 1.0435686938662621e+00,
       1.4257357513986640e-02, -3.9395255781461153e-03,
       -4.2558745932303549e-01 ]
rvec: !!opencv-matrix
   rows: 3
   cols: 1
   dt: d
   data: [ 1.8620329910856859e+00, 3.3569734886630759e-02,
       1.2373219315965429e-01 ]
tvec: !!opencv-matrix
   rows: 3
   cols: 1
   dt: d
   data: [ 3.8473141418582511e-02, 1.9376159106726759e-01,
       1.1238250199825277e+00 ]
rb2wsMat: !!opencv-matrix
   rows: 4
   cols: 4
   dt: f
   data: [ 9.90754545e-01, 1.23993091e-01, 5.50555587e-02, 0.,
       -1.25818253e-01, 9.91568506e-01, 3.10116075e-02, 0.,
       -5.07461354e-02, -3.76518853e-02, 9.98001575e-01, 0.,
       2.36682221e-03, 1.48719162e-01, 1.17660379e+00, 1. ]
imgFile: "test1_139095469097870.png"
