%YAML:1.0
---
K: !!opencv-matrix
   rows: 3
   cols: 3
   dt: d
   data: [ 4.9207502485278455e+03, 0., 6.0728068677556496e+02, 0.,
       4.9217065396176995e+03, 8.1401212519385138e+02, 0., 0., 1. ]
DistCoeffs: !!opencv-matrix
   rows: 1
   cols: 5
   dt: d
   data: [ -8.0898144841779124e-02, 1.0435686938662621e+00,
       1.4257357513986640e-02, -3.9395255781461153e-03,
       -4.2558745932303549e-01 ]
rvec: !!opencv-matrix
   rows: 3
   cols: 1
   dt: d
   data: [ 1.8626363116303235e+00, 1.1090079237790179e-01,
       1.6318543537014801e-01 ]
tvec: !!opencv-matrix
   rows: 3
   cols: 1
   dt: d
   data: [ 3.6608000567636308e-02, 1.9426049485824071e-01,
       1.1231883404527716e+00 ]
rb2wsMat: !!opencv-matrix
   rows: 4
   cols: 4
   dt: f
   data: [ 9.92129564e-01, 1.22651450e-01, 2.52091214e-02, 0.,
       -1.21330075e-01, 9.91423309e-01, -4.85677421e-02, 0.,
       -3.09498161e-02, 4.51268703e-02, 9.98501718e-01, 0.,
       2.75820848e-02, 7.79069513e-02, 1.20071685e+00, 1. ]
imgFile: "test1_139095470784260.png"
