%YAML:1.0
---
K: !!opencv-matrix
   rows: 3
   cols: 3
   dt: d
   data: [ 4.9207502485278455e+03, 0., 6.0728068677556496e+02, 0.,
       4.9217065396176995e+03, 8.1401212519385138e+02, 0., 0., 1. ]
DistCoeffs: !!opencv-matrix
   rows: 1
   cols: 5
   dt: d
   data: [ -8.0898144841779124e-02, 1.0435686938662621e+00,
       1.4257357513986640e-02, -3.9395255781461153e-03,
       -4.2558745932303549e-01 ]
rvec: !!opencv-matrix
   rows: 3
   cols: 1
   dt: d
   data: [ 1.8620329910856859e+00, 3.3569734886630759e-02,
       1.2373219315965429e-01 ]
tvec: !!opencv-matrix
   rows: 3
   cols: 1
   dt: d
   data: [ 3.8473141418582511e-02, 1.9376159106726759e-01,
       1.1238250199825277e+00 ]
rb2wsMat: !!opencv-matrix
   rows: 4
   cols: 4
   dt: f
   data: [ 9.93052006e-01, 1.17022179e-01, -1.23919221e-02, 0.,
       -1.13676451e-01, 9.81185317e-01, 1.56054631e-01, 0.,
       3.04206237e-02, -1.53561696e-01, 9.87670720e-01, 0.,
       9.76819843e-02, 6.18993212e-03, 1.19101477e+00, 1. ]
imgFile: "test1_139095468927314.png"
