%YAML:1.0
---
ToolPos: !!opencv-matrix
   rows: 1
   cols: 3
   dt: f
   data: [ -2.34773457e-01, -6.35732487e-02, -8.75855535e-02 ]
ToolVec: !!opencv-matrix
   rows: 1
   cols: 3
   dt: f
   data: [ 9.08175588e-01, 2.62487322e-01, 3.26063693e-01 ]
ToolUp: !!opencv-matrix
   rows: 1
   cols: 3
   dt: f
   data: [ 2.50769138e-01, 2.82528788e-01, -9.25900877e-01 ]
