%YAML:1.0
---
ToolPos: !!opencv-matrix
   rows: 1
   cols: 3
   dt: f
   data: [ -1.49421349e-01, -8.48467089e-03, -8.91342759e-04 ]
ToolVec: !!opencv-matrix
   rows: 1
   cols: 3
   dt: f
   data: [ 9.97596025e-01, 5.67560531e-02, -3.97612788e-02 ]
ToolUp: !!opencv-matrix
   rows: 1
   cols: 3
   dt: f
   data: [ -6.32787794e-02, 5.12181938e-01, -8.56542706e-01 ]
