%YAML:1.0
---
rvec: !!opencv-matrix
   rows: 3
   cols: 1
   dt: d
   data: [ 1.8977090020292469e+00, -3.8127638451381618e-01,
       2.7370452972614484e-01 ]
tvec: !!opencv-matrix
   rows: 3
   cols: 1
   dt: d
   data: [ -6.2379876228039012e-02, 1.7711739522880926e-01,
       1.1272531079352390e+00 ]
