%YAML:1.0
---
DIST_REF: 4.3417781591415405e-01
ANGLE_REF: 7.7933537960052490e-01
