%YAML:1.0
---
rvec: !!opencv-matrix
   rows: 3
   cols: 1
   dt: d
   data: [ 1.8094167537343844e+00, -2.4832043577514207e-01,
       -2.8804363547954848e-01 ]
tvec: !!opencv-matrix
   rows: 3
   cols: 1
   dt: d
   data: [ -4.9528871909687737e-02, 1.7008261778116418e-01,
       1.1338482781992372e+00 ]
