%YAML:1.0
---
K: !!opencv-matrix
   rows: 3
   cols: 3
   dt: d
   data: [ 4.9213143881023734e+03, 0., 6.0502734426683378e+02, 0.,
       4.9203148187441138e+03, 7.8996419733616176e+02, 0., 0., 1. ]
DistCoeffs: !!opencv-matrix
   rows: 1
   cols: 5
   dt: d
   data: [ -8.2967849078835920e-02, 1.0419273615366809e+00,
       1.2386041682058362e-02, -4.1297746899672605e-03,
       -1.4202293010238358e-02 ]
rvec: !!opencv-matrix
   rows: 3
   cols: 1
   dt: d
   data: [ 1.7959457322667229e+00, -2.4869329792045619e-01,
       -2.6442940086185418e-01 ]
tvec: !!opencv-matrix
   rows: 3
   cols: 1
   dt: d
   data: [ -5.8720949254549445e-02, 1.7908845993495398e-01,
       1.1297014700616721e+00 ]
rb2wsMat: !!opencv-matrix
   rows: 4
   cols: 4
   dt: f
   data: [ 9.99927461e-01, -7.10909208e-03, 9.72216483e-03, 0.,
       6.81748847e-03, 9.99535441e-01, 2.97048353e-02, 0.,
       -9.92882345e-03, -2.96364017e-02, 9.99511421e-01, 0.,
       3.37642938e-01, 4.03880417e-01, 1.74777102e+00, 1. ]
imgFile: "D:\\Spine Project\\SpineNavi\\bin\\X64_Debug\\..\\..\\data\\Tracking 2023-11-02/test1_139067575042560.png"
