%YAML:1.0
---
K: !!opencv-matrix
   rows: 3
   cols: 3
   dt: d
   data: [ 4.9213143881023734e+03, 0., 6.0502734426683378e+02, 0.,
       4.9203148187441138e+03, 7.8996419733616176e+02, 0., 0., 1. ]
DistCoeffs: !!opencv-matrix
   rows: 1
   cols: 5
   dt: d
   data: [ -8.2967849078835920e-02, 1.0419273615366809e+00,
       1.2386041682058362e-02, -4.1297746899672605e-03,
       -1.4202293010238358e-02 ]
rvec: !!opencv-matrix
   rows: 3
   cols: 1
   dt: d
   data: [ 1.7954876997297893e+00, -2.4852914303078785e-01,
       -2.6550867675083967e-01 ]
tvec: !!opencv-matrix
   rows: 3
   cols: 1
   dt: d
   data: [ -5.8148519582315844e-02, 1.7904732198664941e-01,
       1.1296323663192112e+00 ]
rb2wsMat: !!opencv-matrix
   rows: 4
   cols: 4
   dt: f
   data: [ 9.99934614e-01, -6.25237310e-03, 9.57625918e-03, 0.,
       5.98602602e-03, 9.99601305e-01, 2.75938306e-02, 0.,
       -9.74496827e-03, -2.75347028e-02, 9.99573350e-01, 0.,
       3.38194847e-01, 3.81130338e-01, 1.75329685e+00, 1. ]
imgFile: "D:\\Spine Project\\SpineNavi\\bin\\X64_Debug\\..\\..\\data\\Tracking 2023-11-02/test1_139067574984555.png"
