%YAML:1.0
---
K: !!opencv-matrix
   rows: 3
   cols: 3
   dt: d
   data: [ 4.9213143881023734e+03, 0., 6.0502734426683378e+02, 0.,
       4.9203148187441138e+03, 7.8996419733616176e+02, 0., 0., 1. ]
DistCoeffs: !!opencv-matrix
   rows: 1
   cols: 5
   dt: d
   data: [ -8.2967849078835920e-02, 1.0419273615366809e+00,
       1.2386041682058362e-02, -4.1297746899672605e-03,
       -1.4202293010238358e-02 ]
rvec: !!opencv-matrix
   rows: 3
   cols: 1
   dt: d
   data: [ 1.8151394194774590e+00, -2.5656472218924764e-01,
       -2.5170900739345747e-01 ]
tvec: !!opencv-matrix
   rows: 3
   cols: 1
   dt: d
   data: [ -6.5705141101069897e-02, 1.7144800589937420e-01,
       1.1358831167178325e+00 ]
rb2wsMat: !!opencv-matrix
   rows: 4
   cols: 4
   dt: f
   data: [ 9.99928236e-01, -7.05186324e-03, 9.68707073e-03, 0.,
       6.76272577e-03, 9.99540031e-01, 2.95630656e-02, 0.,
       -9.89108998e-03, -2.94954330e-02, 9.99515951e-01, 0.,
       3.37669611e-01, 4.03875828e-01, 1.74780214e+00, 1. ]
imgFile: "D:\\Spine Project\\SpineNavi\\bin\\X64_Release\\..\\..\\data\\Tracking 2023-11-02/test1_139067575193953.png"
