%YAML:1.0
---
K: !!opencv-matrix
   rows: 3
   cols: 3
   dt: d
   data: [ 4.9213143881023734e+03, 0., 6.0502734426683378e+02, 0.,
       4.9203148187441138e+03, 7.8996419733616176e+02, 0., 0., 1. ]
DistCoeffs: !!opencv-matrix
   rows: 1
   cols: 5
   dt: d
   data: [ -8.2967849078835920e-02, 1.0419273615366809e+00,
       1.2386041682058362e-02, -4.1297746899672605e-03,
       -1.4202293010238358e-02 ]
rvec: !!opencv-matrix
   rows: 3
   cols: 1
   dt: d
   data: [ 1.8002205323665463e+00, -2.5037498716866691e-01,
       -2.6709284625412327e-01 ]
tvec: !!opencv-matrix
   rows: 3
   cols: 1
   dt: d
   data: [ -5.6997027158667765e-02, 1.7763660842025142e-01,
       1.1295034578075311e+00 ]
rb2wsMat: !!opencv-matrix
   rows: 4
   cols: 4
   dt: f
   data: [ 9.83188033e-01, 1.79825604e-01, -3.16859819e-02, 0.,
       -1.79754794e-01, 9.83698249e-01, 5.09240199e-03, 0.,
       3.20851915e-02, 6.88919099e-04, 9.99484897e-01, 0.,
       2.16346025e-01, 2.80827820e-01, 1.76212239e+00, 1. ]
imgFile: "D:\\Spine Project\\SpineNavi\\bin\\X64_Release\\..\\..\\data\\Tracking 2023-11-02/test1_139067576195036.png"
