%YAML:1.0
---
K: !!opencv-matrix
   rows: 3
   cols: 3
   dt: d
   data: [ 4.9213143881023734e+03, 0., 6.0502734426683378e+02, 0.,
       4.9203148187441138e+03, 7.8996419733616176e+02, 0., 0., 1. ]
DistCoeffs: !!opencv-matrix
   rows: 1
   cols: 5
   dt: d
   data: [ -8.2967849078835920e-02, 1.0419273615366809e+00,
       1.2386041682058362e-02, -4.1297746899672605e-03,
       -1.4202293010238358e-02 ]
rvec: !!opencv-matrix
   rows: 3
   cols: 1
   dt: d
   data: [ 1.7947778140005841e+00, -2.4839980583757565e-01,
       -2.6657317768713318e-01 ]
tvec: !!opencv-matrix
   rows: 3
   cols: 1
   dt: d
   data: [ -5.7455835086938883e-02, 1.7954516527512052e-01,
       1.1295170425738381e+00 ]
rb2wsMat: !!opencv-matrix
   rows: 4
   cols: 4
   dt: f
   data: [ 9.99937296e-01, -6.27705269e-03, 9.27530043e-03, 0.,
       6.02141395e-03, 9.99608159e-01, 2.73367744e-02, 0.,
       -9.44326073e-03, -2.72792112e-02, 9.99583244e-01, 0.,
       3.38444889e-01, 3.80974084e-01, 1.75300574e+00, 1. ]
imgFile: "test1_139067574357694.png"
