%YAML:1.0
---
K: !!opencv-matrix
   rows: 3
   cols: 3
   dt: d
   data: [ 4.9213143881023734e+03, 0., 6.0502734426683378e+02, 0.,
       4.9203148187441138e+03, 7.8996419733616176e+02, 0., 0., 1. ]
DistCoeffs: !!opencv-matrix
   rows: 1
   cols: 5
   dt: d
   data: [ -8.2967849078835920e-02, 1.0419273615366809e+00,
       1.2386041682058362e-02, -4.1297746899672605e-03,
       -1.4202293010238358e-02 ]
rvec: !!opencv-matrix
   rows: 3
   cols: 1
   dt: d
   data: [ 1.7959365840617758e+00, -2.4845088288593958e-01,
       -2.6568186907293179e-01 ]
tvec: !!opencv-matrix
   rows: 3
   cols: 1
   dt: d
   data: [ -5.8017542103737059e-02, 1.7902062501791008e-01,
       1.1297228529247854e+00 ]
rb2wsMat: !!opencv-matrix
   rows: 4
   cols: 4
   dt: f
   data: [ 9.99936759e-01, -6.34636544e-03, 9.28676501e-03, 0.,
       6.08872157e-03, 9.99602914e-01, 2.75131948e-02, 0.,
       -9.45768505e-03, -2.74549089e-02, 9.99578297e-01, 0.,
       3.38200331e-01, 3.81018907e-01, 1.75306559e+00, 1. ]
imgFile: "test1_139067574684710.png"
