%YAML:1.0
---
K: !!opencv-matrix
   rows: 3
   cols: 3
   dt: d
   data: [ 4.9213143881023734e+03, 0., 6.0502734426683378e+02, 0.,
       4.9203148187441138e+03, 7.8996419733616176e+02, 0., 0., 1. ]
DistCoeffs: !!opencv-matrix
   rows: 1
   cols: 5
   dt: d
   data: [ -8.2967849078835920e-02, 1.0419273615366809e+00,
       1.2386041682058362e-02, -4.1297746899672605e-03,
       -1.4202293010238358e-02 ]
rvec: !!opencv-matrix
   rows: 3
   cols: 1
   dt: d
   data: [ 1.7990756882124990e+00, -2.5225834298561495e-01,
       -2.6259698962736944e-01 ]
tvec: !!opencv-matrix
   rows: 3
   cols: 1
   dt: d
   data: [ -5.8224021635145992e-02, 1.7868908924917293e-01,
       1.1300582512971302e+00 ]
rb2wsMat: !!opencv-matrix
   rows: 4
   cols: 4
   dt: f
   data: [ 8.64440680e-01, 4.99872208e-01, -5.35739027e-02, 0.,
       -4.83311653e-01, 8.55645597e-01, 1.85149893e-01, 0.,
       1.38391554e-01, -1.34158209e-01, 9.81248856e-01, 0.,
       1.80934719e-03, 2.89121062e-01, 1.86212862e+00, 1. ]
imgFile: "D:\\Spine Project\\SpineNavi\\bin\\X64_Release\\..\\..\\data\\Tracking 2023-11-02/test1_139067575458315.png"
