%YAML:1.0
---
K: !!opencv-matrix
   rows: 3
   cols: 3
   dt: d
   data: [ 4.9213143881023734e+03, 0., 6.0502734426683378e+02, 0.,
       4.9203148187441138e+03, 7.8996419733616176e+02, 0., 0., 1. ]
DistCoeffs: !!opencv-matrix
   rows: 1
   cols: 5
   dt: d
   data: [ -8.2967849078835920e-02, 1.0419273615366809e+00,
       1.2386041682058362e-02, -4.1297746899672605e-03,
       -1.4202293010238358e-02 ]
rvec: !!opencv-matrix
   rows: 3
   cols: 1
   dt: d
   data: [ 1.7867615070368965e+00, -2.5195776381356844e-01,
       -2.6188436747383942e-01 ]
tvec: !!opencv-matrix
   rows: 3
   cols: 1
   dt: d
   data: [ -5.8152908577828497e-02, 1.8334417447067916e-01,
       1.1246205901354405e+00 ]
rb2wsMat: !!opencv-matrix
   rows: 4
   cols: 4
   dt: f
   data: [ 9.83149529e-01, 1.80039078e-01, -3.16689238e-02, 0.,
       -1.79996043e-01, 9.83658254e-01, 4.22831345e-03, 0.,
       3.19126621e-02, 1.54321583e-03, 9.99489486e-01, 0.,
       2.15322793e-01, 3.18439245e-01, 1.75297737e+00, 1. ]
imgFile: "D:\\Spine Project\\SpineNavi\\bin\\X64_Release\\..\\..\\data\\Tracking 2023-11-02/test1_139067576210401.png"
