%YAML:1.0
---
K: !!opencv-matrix
   rows: 3
   cols: 3
   dt: d
   data: [ 4.9213143881023734e+03, 0., 6.0502734426683378e+02, 0.,
       4.9203148187441138e+03, 7.8996419733616176e+02, 0., 0., 1. ]
DistCoeffs: !!opencv-matrix
   rows: 1
   cols: 5
   dt: d
   data: [ -8.2967849078835920e-02, 1.0419273615366809e+00,
       1.2386041682058362e-02, -4.1297746899672605e-03,
       -1.4202293010238358e-02 ]
rvec: !!opencv-matrix
   rows: 3
   cols: 1
   dt: d
   data: [ 1.8042083813952527e+00, -2.5069448377160236e-01,
       -2.6212836933271727e-01 ]
tvec: !!opencv-matrix
   rows: 3
   cols: 1
   dt: d
   data: [ -5.8870079905053316e-02, 1.7629187731557333e-01,
       1.1320371057628746e+00 ]
rb2wsMat: !!opencv-matrix
   rows: 4
   cols: 4
   dt: f
   data: [ 9.99932885e-01, -6.41586166e-03, 9.64730885e-03, 0.,
       6.14427403e-03, 9.99591231e-01, 2.79224906e-02, 0.,
       -9.82251111e-03, -2.78613400e-02, 9.99563515e-01, 0.,
       3.38206798e-01, 3.81215662e-01, 1.75329006e+00, 1. ]
imgFile: "D:\\Spine Project\\SpineNavi\\bin\\X64_Release\\..\\..\\data\\Tracking 2023-11-02/test1_139067575217852.png"
