%YAML:1.0
---
K: !!opencv-matrix
   rows: 3
   cols: 3
   dt: d
   data: [ 4.9213143881023734e+03, 0., 6.0502734426683378e+02, 0.,
       4.9203148187441138e+03, 7.8996419733616176e+02, 0., 0., 1. ]
DistCoeffs: !!opencv-matrix
   rows: 1
   cols: 5
   dt: d
   data: [ -8.2967849078835920e-02, 1.0419273615366809e+00,
       1.2386041682058362e-02, -4.1297746899672605e-03,
       -1.4202293010238358e-02 ]
rvec: !!opencv-matrix
   rows: 3
   cols: 1
   dt: d
   data: [ 1.4688571096036185e+00, 4.7269707612589251e-01,
       -1.0642135419240413e+00 ]
tvec: !!opencv-matrix
   rows: 3
   cols: 1
   dt: d
   data: [ 4.3835406250817166e-01, 1.9282113686900354e-01,
       7.6823560647372291e-01 ]
rb2wsMat: !!opencv-matrix
   rows: 4
   cols: 4
   dt: f
   data: [ 8.62255692e-01, 5.03660619e-01, -5.33014312e-02, 0.,
       -4.86833602e-01, 8.53239775e-01, 1.87015891e-01, 0.,
       1.39671445e-01, -1.35306597e-01, 9.80909765e-01, 0.,
       -5.17198525e-04, 2.88127303e-01, 1.86375535e+00, 1. ]
imgFile: "D:\\Spine Project\\SpineNavi\\bin\\X64_Release\\..\\..\\data\\Tracking 2023-11-02/test2_139067575645099.png"
