%YAML:1.0
---
K: !!opencv-matrix
   rows: 3
   cols: 3
   dt: d
   data: [ 4.9213143881023734e+03, 0., 6.0502734426683378e+02, 0.,
       4.9203148187441138e+03, 7.8996419733616176e+02, 0., 0., 1. ]
DistCoeffs: !!opencv-matrix
   rows: 1
   cols: 5
   dt: d
   data: [ -8.2967849078835920e-02, 1.0419273615366809e+00,
       1.2386041682058362e-02, -4.1297746899672605e-03,
       -1.4202293010238358e-02 ]
rvec: !!opencv-matrix
   rows: 3
   cols: 1
   dt: d
   data: [ 1.9019147447461173e+00, -3.8334140560978824e-01,
       2.7261324766313599e-01 ]
tvec: !!opencv-matrix
   rows: 3
   cols: 1
   dt: d
   data: [ -6.3585316117760013e-02, 1.7802163171311466e-01,
       1.1281159579446893e+00 ]
rb2wsMat: !!opencv-matrix
   rows: 4
   cols: 4
   dt: f
   data: [ 9.99936819e-01, -6.27742708e-03, 9.32745449e-03, 0.,
       6.02130592e-03, 9.99610841e-01, 2.72377953e-02, 0.,
       -9.49480757e-03, -2.71799117e-02, 9.99585450e-01, 0.,
       3.38534236e-01, 3.80932987e-01, 1.75292778e+00, 1. ]
imgFile: "test2_139067574262439.png"
