%YAML:1.0
---
K: !!opencv-matrix
   rows: 3
   cols: 3
   dt: d
   data: [ 4.9213143881023734e+03, 0., 6.0502734426683378e+02, 0.,
       4.9203148187441138e+03, 7.8996419733616176e+02, 0., 0., 1. ]
DistCoeffs: !!opencv-matrix
   rows: 1
   cols: 5
   dt: d
   data: [ -8.2967849078835920e-02, 1.0419273615366809e+00,
       1.2386041682058362e-02, -4.1297746899672605e-03,
       -1.4202293010238358e-02 ]
rvec: !!opencv-matrix
   rows: 3
   cols: 1
   dt: d
   data: [ 1.7982966654547234e+00, -2.5408845288303050e-01,
       -2.6126801077587331e-01 ]
tvec: !!opencv-matrix
   rows: 3
   cols: 1
   dt: d
   data: [ -5.9366523365043555e-02, 1.7863990314357170e-01,
       1.1287282281627073e+00 ]
rb2wsMat: !!opencv-matrix
   rows: 4
   cols: 4
   dt: f
   data: [ 8.46906424e-01, 5.25597870e-01, -8.05999339e-02, 0.,
       -5.10862172e-01, 8.46308410e-01, 1.50936738e-01, 0.,
       1.47544444e-01, -8.66538286e-02, 9.85252142e-01, 0.,
       -1.82379037e-02, 2.67465353e-01, 1.84229314e+00, 1. ]
imgFile: "D:\\Spine Project\\SpineNavi\\bin\\X64_Release\\..\\..\\data\\Tracking 2023-11-02/test2_139067576255532.png"
