%YAML:1.0
---
K: !!opencv-matrix
   rows: 3
   cols: 3
   dt: d
   data: [ 4.9213143881023734e+03, 0., 6.0502734426683378e+02, 0.,
       4.9203148187441138e+03, 7.8996419733616176e+02, 0., 0., 1. ]
DistCoeffs: !!opencv-matrix
   rows: 1
   cols: 5
   dt: d
   data: [ -8.2967849078835920e-02, 1.0419273615366809e+00,
       1.2386041682058362e-02, -4.1297746899672605e-03,
       -1.4202293010238358e-02 ]
rvec: !!opencv-matrix
   rows: 3
   cols: 1
   dt: d
   data: [ 1.8033617154632775e+00, -2.6000168320277450e-01,
       -2.5382626924544449e-01 ]
tvec: !!opencv-matrix
   rows: 3
   cols: 1
   dt: d
   data: [ -6.2947693338903765e-02, 1.7714648226320900e-01,
       1.1305840442291617e+00 ]
rb2wsMat: !!opencv-matrix
   rows: 4
   cols: 4
   dt: f
   data: [ 5.63364506e-01, 8.23261797e-01, -6.97169825e-02, 0.,
       -7.70770013e-01, 5.54077268e-01, 3.14502656e-01, 0.,
       2.97546595e-01, -1.23443857e-01, 9.46693003e-01, 0.,
       -2.22174540e-01, 1.08589761e-01, 1.95073020e+00, 1. ]
imgFile: "D:\\Spine Project\\SpineNavi\\bin\\X64_Release\\..\\..\\data\\Tracking 2023-11-02/test1_139067576604497.png"
