%YAML:1.0
---
K: !!opencv-matrix
   rows: 3
   cols: 3
   dt: d
   data: [ 4.9213143881023734e+03, 0., 6.0502734426683378e+02, 0.,
       4.9203148187441138e+03, 7.8996419733616176e+02, 0., 0., 1. ]
DistCoeffs: !!opencv-matrix
   rows: 1
   cols: 5
   dt: d
   data: [ -8.2967849078835920e-02, 1.0419273615366809e+00,
       1.2386041682058362e-02, -4.1297746899672605e-03,
       -1.4202293010238358e-02 ]
rvec: !!opencv-matrix
   rows: 3
   cols: 1
   dt: d
   data: [ 1.8017770082797564e+00, -2.5303795239052296e-01,
       -2.6045626090727320e-01 ]
tvec: !!opencv-matrix
   rows: 3
   cols: 1
   dt: d
   data: [ -5.9616584095857600e-02, 1.7747701626667597e-01,
       1.1308290012140461e+00 ]
rb2wsMat: !!opencv-matrix
   rows: 4
   cols: 4
   dt: f
   data: [ 9.63323295e-01, 2.65948862e-01, -3.57690975e-02, 0.,
       -2.61792451e-01, 9.60692763e-01, 9.23804790e-02, 0.,
       5.89315966e-02, -7.96281844e-02, 9.95081127e-01, 0.,
       1.57498762e-01, 3.75156879e-01, 1.79235864e+00, 1. ]
imgFile: "D:\\Spine Project\\SpineNavi\\bin\\X64_Release\\..\\..\\data\\Tracking 2023-11-02/test1_139067575364540.png"
