%YAML:1.0
---
K: !!opencv-matrix
   rows: 3
   cols: 3
   dt: d
   data: [ 4.9213143881023734e+03, 0., 6.0502734426683378e+02, 0.,
       4.9203148187441138e+03, 7.8996419733616176e+02, 0., 0., 1. ]
DistCoeffs: !!opencv-matrix
   rows: 1
   cols: 5
   dt: d
   data: [ -8.2967849078835920e-02, 1.0419273615366809e+00,
       1.2386041682058362e-02, -4.1297746899672605e-03,
       -1.4202293010238358e-02 ]
rvec: !!opencv-matrix
   rows: 3
   cols: 1
   dt: d
   data: [ 1.7942146986829715e+00, -2.4838643754461032e-01,
       -2.6677049502511024e-01 ]
tvec: !!opencv-matrix
   rows: 3
   cols: 1
   dt: d
   data: [ -5.7336763366439454e-02, 1.7972688317596527e-01,
       1.1294542936376575e+00 ]
rb2wsMat: !!opencv-matrix
   rows: 4
   cols: 4
   dt: f
   data: [ 9.99935687e-01, -6.34970842e-03, 9.39553697e-03, 0.,
       6.08906569e-03, 9.99602854e-01, 2.75143702e-02, 0.,
       -9.56651475e-03, -2.74553914e-02, 9.99577224e-01, 0.,
       3.38228166e-01, 3.81054252e-01, 1.75309658e+00, 1. ]
imgFile: "test1_139067574495817.png"
