%YAML:1.0
---
K: !!opencv-matrix
   rows: 3
   cols: 3
   dt: d
   data: [ 4.9213143881023734e+03, 0., 6.0502734426683378e+02, 0.,
       4.9203148187441138e+03, 7.8996419733616176e+02, 0., 0., 1. ]
DistCoeffs: !!opencv-matrix
   rows: 1
   cols: 5
   dt: d
   data: [ -8.2967849078835920e-02, 1.0419273615366809e+00,
       1.2386041682058362e-02, -4.1297746899672605e-03,
       -1.4202293010238358e-02 ]
rvec: !!opencv-matrix
   rows: 3
   cols: 1
   dt: d
   data: [ 1.8042083813952527e+00, -2.5069448377160236e-01,
       -2.6212836933271727e-01 ]
tvec: !!opencv-matrix
   rows: 3
   cols: 1
   dt: d
   data: [ -5.8870079905053316e-02, 1.7629187731557333e-01,
       1.1320371057628746e+00 ]
rb2wsMat: !!opencv-matrix
   rows: 4
   cols: 4
   dt: f
   data: [ 9.99961376e-01, 2.65411334e-03, 8.38009361e-03, 0.,
       -2.64742458e-03, 9.99996185e-01, -8.09167512e-04, 0.,
       -8.38220958e-03, 7.86950579e-04, 9.99964535e-01, 0.,
       3.32368046e-01, 3.71223807e-01, 1.73648894e+00, 1. ]
imgFile: "D:\\Spine Project\\SpineNavi\\bin\\X64_Release\\..\\..\\data\\Tracking 2023-11-02/test1_139067575294932.png"
