%YAML:1.0
---
K: !!opencv-matrix
   rows: 3
   cols: 3
   dt: d
   data: [ 4.9213143881023734e+03, 0., 6.0502734426683378e+02, 0.,
       4.9203148187441138e+03, 7.8996419733616176e+02, 0., 0., 1. ]
DistCoeffs: !!opencv-matrix
   rows: 1
   cols: 5
   dt: d
   data: [ -8.2967849078835920e-02, 1.0419273615366809e+00,
       1.2386041682058362e-02, -4.1297746899672605e-03,
       -1.4202293010238358e-02 ]
rvec: !!opencv-matrix
   rows: 3
   cols: 1
   dt: d
   data: [ 1.8094167537343844e+00, -2.4832043577514207e-01,
       -2.8804363547954848e-01 ]
tvec: !!opencv-matrix
   rows: 3
   cols: 1
   dt: d
   data: [ -4.9528871909687737e-02, 1.7008261778116418e-01,
       1.1338482781992372e+00 ]
rb2wsMat: !!opencv-matrix
   rows: 4
   cols: 4
   dt: f
   data: [ 9.99139428e-01, -5.20523265e-03, 4.11492474e-02, 0.,
       1.10660400e-02, 9.89586413e-01, -1.43513933e-01, 0.,
       -3.99737097e-02, 1.43845782e-01, 9.88792419e-01, 0.,
       2.19544232e-01, 3.91394705e-01, 1.36130953e+00, 1. ]
imgFile: "D:\\Spine Project\\SpineNavi\\bin\\X64_Release\\..\\..\\data\\Tracking 2023-11-02/test1_139067579153702.png"
