%YAML:1.0
---
K: !!opencv-matrix
   rows: 3
   cols: 3
   dt: d
   data: [ 4.9213143881023734e+03, 0., 6.0502734426683378e+02, 0.,
       4.9203148187441138e+03, 7.8996419733616176e+02, 0., 0., 1. ]
DistCoeffs: !!opencv-matrix
   rows: 1
   cols: 5
   dt: d
   data: [ -8.2967849078835920e-02, 1.0419273615366809e+00,
       1.2386041682058362e-02, -4.1297746899672605e-03,
       -1.4202293010238358e-02 ]
rvec: !!opencv-matrix
   rows: 3
   cols: 1
   dt: d
   data: [ 1.7993147232518336e+00, -2.5049176641381637e-01,
       -2.6208898335286052e-01 ]
tvec: !!opencv-matrix
   rows: 3
   cols: 1
   dt: d
   data: [ -5.8391337205733453e-02, 1.7897461017108457e-01,
       1.1299285259148997e+00 ]
rb2wsMat: !!opencv-matrix
   rows: 4
   cols: 4
   dt: f
   data: [ 9.99933124e-01, -6.45545544e-03, 9.59772337e-03, 0.,
       6.18457748e-03, 9.99589086e-01, 2.79898532e-02, 0.,
       -9.77446605e-03, -2.79286243e-02, 9.99562144e-01, 0.,
       3.38205963e-01, 3.81209105e-01, 1.75324571e+00, 1. ]
imgFile: "D:\\Spine Project\\SpineNavi\\bin\\X64_Release\\..\\..\\data\\Tracking 2023-11-02/test1_139067575209674.png"
