%YAML:1.0
---
K: !!opencv-matrix
   rows: 3
   cols: 3
   dt: d
   data: [ 4.9248061811183297e+03, 0., 6.0577951270315577e+02, 0.,
       4.9252500250799394e+03, 8.1018819447843509e+02, 0., 0., 1. ]
DistCoeffs: !!opencv-matrix
   rows: 1
   cols: 5
   dt: d
   data: [ -5.9836286461648736e-02, -1.0907241126129339e+00,
       1.3980362378437748e-02, -3.9538426080049692e-03,
       4.9274468725080659e+01 ]
rvec: !!opencv-matrix
   rows: 3
   cols: 1
   dt: d
   data: [ 1.8922450228334120e+00, -3.7891916992614705e-01,
       2.7156388612959748e-01 ]
tvec: !!opencv-matrix
   rows: 3
   cols: 1
   dt: d
   data: [ -6.1181451103039172e-02, 1.8043635803270910e-01,
       1.1249377751515668e+00 ]
rb2wsMat: !!opencv-matrix
   rows: 4
   cols: 4
   dt: f
   data: [ 9.35953498e-01, 3.51458728e-01, 2.16301940e-02, 0.,
       -3.36707473e-01, 8.75309765e-01, 3.47074717e-01, 0.,
       1.03049323e-01, -3.32128853e-01, 9.37588036e-01, 0.,
       2.10864425e-01, 3.23474079e-01, 1.61301386e+00, 1. ]
imgFile: "test1_139067467193516.png"
