%YAML:1.0
---
K: !!opencv-matrix
   rows: 3
   cols: 3
   dt: d
   data: [ 4.9213143881023734e+03, 0., 6.0502734426683378e+02, 0.,
       4.9203148187441138e+03, 7.8996419733616176e+02, 0., 0., 1. ]
DistCoeffs: !!opencv-matrix
   rows: 1
   cols: 5
   dt: d
   data: [ -8.2967849078835920e-02, 1.0419273615366809e+00,
       1.2386041682058362e-02, -4.1297746899672605e-03,
       -1.4202293010238358e-02 ]
rvec: !!opencv-matrix
   rows: 3
   cols: 1
   dt: d
   data: [ 1.8004478904649994e+00, -2.5672970641358694e-01,
       -2.5790384521986348e-01 ]
tvec: !!opencv-matrix
   rows: 3
   cols: 1
   dt: d
   data: [ -6.1021546013973901e-02, 1.7797296484262981e-01,
       1.1294464808057241e+00 ]
rb2wsMat: !!opencv-matrix
   rows: 4
   cols: 4
   dt: f
   data: [ 7.27730870e-01, 6.80736423e-01, -8.37005451e-02, 0.,
       -6.50521874e-01, 7.23742068e-01, 2.30257869e-01, 0.,
       2.17322528e-01, -1.13116734e-01, 9.69523370e-01, 0.,
       -1.24051772e-01, 2.04288930e-01, 1.89342082e+00, 1. ]
imgFile: "D:\\Spine Project\\SpineNavi\\bin\\X64_Release\\..\\..\\data\\Tracking 2023-11-02/test2_139067576276544.png"
