%YAML:1.0
---
K: !!opencv-matrix
   rows: 3
   cols: 3
   dt: d
   data: [ 4.9213143881023734e+03, 0., 6.0502734426683378e+02, 0.,
       4.9203148187441138e+03, 7.8996419733616176e+02, 0., 0., 1. ]
DistCoeffs: !!opencv-matrix
   rows: 1
   cols: 5
   dt: d
   data: [ -8.2967849078835920e-02, 1.0419273615366809e+00,
       1.2386041682058362e-02, -4.1297746899672605e-03,
       -1.4202293010238358e-02 ]
rvec: !!opencv-matrix
   rows: 3
   cols: 1
   dt: d
   data: [ 1.8043511063390791e+00, -2.5093141274346920e-01,
       -2.6229930793900480e-01 ]
tvec: !!opencv-matrix
   rows: 3
   cols: 1
   dt: d
   data: [ -5.8901171518779182e-02, 1.7604698404748143e-01,
       1.1321397085485478e+00 ]
rb2wsMat: !!opencv-matrix
   rows: 4
   cols: 4
   dt: f
   data: [ 9.99962926e-01, 2.69904290e-03, 8.17438122e-03, 0.,
       -2.69216928e-03, 9.99996006e-01, -8.51751654e-04, 0.,
       -8.17664806e-03, 8.29713303e-04, 9.99966204e-01, 0.,
       3.32352549e-01, 3.71223241e-01, 1.73647892e+00, 1. ]
imgFile: "D:\\Spine Project\\SpineNavi\\bin\\X64_Release\\..\\..\\data\\Tracking 2023-11-02/test1_139067575305573.png"
