%YAML:1.0
---
K: !!opencv-matrix
   rows: 3
   cols: 3
   dt: d
   data: [ 4.9213143881023734e+03, 0., 6.0502734426683378e+02, 0.,
       4.9203148187441138e+03, 7.8996419733616176e+02, 0., 0., 1. ]
DistCoeffs: !!opencv-matrix
   rows: 1
   cols: 5
   dt: d
   data: [ -8.2967849078835920e-02, 1.0419273615366809e+00,
       1.2386041682058362e-02, -4.1297746899672605e-03,
       -1.4202293010238358e-02 ]
rvec: !!opencv-matrix
   rows: 3
   cols: 1
   dt: d
   data: [ 1.8002205323665463e+00, -2.5037498716866691e-01,
       -2.6709284625412327e-01 ]
tvec: !!opencv-matrix
   rows: 3
   cols: 1
   dt: d
   data: [ -5.6997027158667765e-02, 1.7763660842025142e-01,
       1.1295034578075311e+00 ]
rb2wsMat: !!opencv-matrix
   rows: 4
   cols: 4
   dt: f
   data: [ 9.83132780e-01, 1.80128202e-01, -3.16820815e-02, 0.,
       -1.80082306e-01, 9.83642042e-01, 4.31991229e-03, 0.,
       3.19419652e-02, 1.45833485e-03, 9.99488652e-01, 0.,
       2.15263709e-01, 3.18477184e-01, 1.75295472e+00, 1. ]
imgFile: "D:\\Spine Project\\SpineNavi\\bin\\X64_Release\\..\\..\\data\\Tracking 2023-11-02/test1_139067576207299.png"
