%YAML:1.0
---
K: !!opencv-matrix
   rows: 3
   cols: 3
   dt: d
   data: [ 4.9213143881023734e+03, 0., 6.0502734426683378e+02, 0.,
       4.9203148187441138e+03, 7.8996419733616176e+02, 0., 0., 1. ]
DistCoeffs: !!opencv-matrix
   rows: 1
   cols: 5
   dt: d
   data: [ -8.2967849078835920e-02, 1.0419273615366809e+00,
       1.2386041682058362e-02, -4.1297746899672605e-03,
       -1.4202293010238358e-02 ]
rvec: !!opencv-matrix
   rows: 3
   cols: 1
   dt: d
   data: [ 1.7942604675522458e+00, -2.4823629257534985e-01,
       -2.6692274127311805e-01 ]
tvec: !!opencv-matrix
   rows: 3
   cols: 1
   dt: d
   data: [ -5.7215936002651076e-02, 1.7969601032404162e-01,
       1.1294210030360095e+00 ]
rb2wsMat: !!opencv-matrix
   rows: 4
   cols: 4
   dt: f
   data: [ 9.99937177e-01, -6.29749754e-03, 9.27506946e-03, 0.,
       6.04073098e-03, 9.99604762e-01, 2.74561122e-02, 0.,
       -9.44430754e-03, -2.73983590e-02, 9.99579966e-01, 0.,
       3.38487327e-01, 3.80934030e-01, 1.75290358e+00, 1. ]
imgFile: "test1_139067574301916.png"
