%YAML:1.0
---
ToolPos: !!opencv-matrix
   rows: 1
   cols: 3
   dt: f
   data: [ 2.90774822e-01, -3.37162852e-01, -1.83626100e-01 ]
ToolVec: !!opencv-matrix
   rows: 1
   cols: 3
   dt: f
   data: [ 9.68076825e-01, 1.37132868e-01, 2.09813580e-01 ]
