%YAML:1.0
---
RB_POSITIONS: !!opencv-matrix
   rows: 9
   cols: 1
   dt: "3f"
   data: [ -3.26849222e-02, -4.22750533e-01, 4.57740068e-01,
       2.68134028e-02, -4.28730100e-01, 4.59066033e-01, 8.24928284e-02,
       -4.35953707e-01, 4.55585778e-01, -3.69027406e-02, -4.58568782e-01,
       4.09686506e-01, 2.18167454e-02, -4.67216879e-01, 4.07309532e-01,
       7.77188614e-02, -4.72351193e-01, 4.07298058e-01, -4.42862585e-02,
       -4.92923051e-01, 3.63237590e-01, 1.40358284e-02, -5.00886798e-01,
       3.60317796e-01, 7.27094039e-02, -5.07032216e-01, 3.61431807e-01 ]
WS_POSITIONS: !!opencv-matrix
   rows: 9
   cols: 1
   dt: "3f"
   data: [ 6.93155080e-02, -2.92464718e-02, 1.76843631e+00,
       1.28836870e-01, -3.49494442e-02, 1.76993525e+00, 1.84557691e-01,
       -4.19280902e-02, 1.76662171e+00, 6.53876662e-02, -6.52247295e-02,
       1.72047782e+00, 1.24152116e-01, -7.36106709e-02, 1.71827972e+00,
       1.80076972e-01, -7.84888566e-02, 1.71842933e+00, 5.82832545e-02,
       -9.97488275e-02, 1.67411137e+00, 1.16648614e-01, -1.07453838e-01,
       1.67136741e+00, 1.75346553e-01, -1.13327123e-01, 1.67265272e+00 ]
MAT_WS2RB: !!opencv-matrix
   rows: 4
   cols: 4
   dt: f
   data: [ 9.99986112e-01, -4.57344064e-03, -2.62425770e-03, 0.,
       4.58114967e-03, 9.99985218e-01, 2.93910713e-03, 0.,
       2.61077727e-03, -2.95108836e-03, 9.99992251e-01, 0.,
       -1.06482476e-01, -3.87968689e-01, -1.31041467e+00, 1. ]
MAT_RB2WS: !!opencv-matrix
   rows: 4
   cols: 4
   dt: f
   data: [ 9.99986112e-01, 4.58114920e-03, 2.61077704e-03, 0.,
       -4.57344064e-03, 9.99985158e-01, -2.95108836e-03, 0.,
       -2.62425793e-03, 2.93910690e-03, 9.99992251e-01, 0.,
       1.01267777e-01, 3.92302215e-01, 1.30953753e+00, 1. ]
