%YAML:1.0
---
RB_POSITIONS: !!opencv-matrix
   rows: 9
   cols: 1
   dt: "3f"
   data: [ -2.94027328e-02, -3.97485614e-01, 4.48502898e-01,
       3.00743282e-02, -4.03485447e-01, 4.49824452e-01, 8.57707709e-02,
       -4.10725951e-01, 4.46352869e-01, -3.36615518e-02, -4.33291495e-01,
       4.00368422e-01, 2.50705332e-02, -4.41974699e-01, 3.97997946e-01,
       8.09633210e-02, -4.47129548e-01, 3.97968978e-01, -4.10807282e-02,
       -4.67643201e-01, 3.53960872e-01, 1.72358453e-02, -4.75648463e-01,
       3.50996226e-01, 7.59153068e-02, -4.81819659e-01, 3.52127880e-01 ]
WS_POSITIONS: !!opencv-matrix
   rows: 9
   cols: 1
   dt: "3f"
   data: [ 6.93353638e-02, -2.92427018e-02, 1.76849580e+00,
       1.28837228e-01, -3.49443294e-02, 1.77000761e+00, 1.84578627e-01,
       -4.19193879e-02, 1.76671910e+00, 6.53938055e-02, -6.52104989e-02,
       1.72045517e+00, 1.24174722e-01, -7.36100003e-02, 1.71828079e+00,
       1.80092126e-01, -7.84883499e-02, 1.71842921e+00, 5.82797229e-02,
       -9.97347236e-02, 1.67412794e+00, 1.16643526e-01, -1.07460067e-01,
       1.67135608e+00, 1.75349191e-01, -1.13337554e-01, 1.67267621e+00 ]
MAT_WS2RB: !!opencv-matrix
   rows: 4
   cols: 4
   dt: f
   data: [ 9.99983549e-01, -4.93827322e-03, -2.91623827e-03, 0.,
       4.94684139e-03, 9.99983430e-01, 2.93842680e-03, 0.,
       2.90167914e-03, -2.95280479e-03, 9.99991417e-01, 0.,
       -1.03723906e-01, -3.62678975e-01, -1.31968963e+00, 1. ]
MAT_RB2WS: !!opencv-matrix
   rows: 4
   cols: 4
   dt: f
   data: [ 9.99983549e-01, 4.94684186e-03, 2.90167937e-03, 0.,
       -4.93827276e-03, 9.99983430e-01, -2.95280479e-03, 0.,
       -2.91623827e-03, 2.93842703e-03, 9.99991417e-01, 0.,
       9.80826691e-02, 3.67063910e-01, 1.31890845e+00, 1. ]
