%YAML:1.0
---
RB_POSITIONS: !!opencv-matrix
   rows: 9
   cols: 1
   dt: "3f"
   data: [ -1.06538385e-02, -3.26920360e-01, 4.15082306e-01,
       4.88365069e-02, -3.33062857e-01, 4.16211993e-01, 1.04502186e-01,
       -3.40421140e-01, 4.12653834e-01, -1.51019692e-02, -3.62661541e-01,
       3.66999507e-01, 4.35917601e-02, -3.71464878e-01, 3.64406645e-01,
       9.94631201e-02, -3.76740336e-01, 3.64191443e-01, -2.27384791e-02,
       -3.96944255e-01, 3.20601463e-01, 3.55591252e-02, -4.05070126e-01,
       3.17425132e-01, 9.42300782e-02, -4.11356151e-01, 3.18372458e-01 ]
WS_POSITIONS: !!opencv-matrix
   rows: 9
   cols: 1
   dt: "3f"
   data: [ 6.93168640e-02, -2.92106103e-02, 1.76840341e+00,
       1.28840759e-01, -3.49320322e-02, 1.76991308e+00, 1.84576586e-01,
       -4.19162810e-02, 1.76671755e+00, 6.54046908e-02, -6.51905090e-02,
       1.72045219e+00, 1.24172740e-01, -7.35943839e-02, 1.71824634e+00,
       1.80079773e-01, -7.84799382e-02, 1.71838582e+00, 5.82840592e-02,
       -9.97269303e-02, 1.67416048e+00, 1.16654761e-01, -1.07458696e-01,
       1.67136574e+00, 1.75361380e-01, -1.13330133e-01, 1.67268884e+00 ]
MAT_WS2RB: !!opencv-matrix
   rows: 4
   cols: 4
   dt: f
   data: [ 9.99958038e-01, -6.96617924e-03, -5.96442493e-03, 0.,
       6.99213753e-03, 9.99966204e-01, 4.34247730e-03, 0.,
       5.93397208e-03, -4.38399939e-03, 9.99972880e-01, 0.,
       -9.02572125e-02, -2.89475173e-01, -1.35273290e+00, 1. ]
MAT_RB2WS: !!opencv-matrix
   rows: 4
   cols: 4
   dt: f
   data: [ 9.99957919e-01, 6.99213706e-03, 5.93397114e-03, 0.,
       -6.96617831e-03, 9.99966145e-01, -4.38399846e-03, 0.,
       -5.96442353e-03, 4.34247730e-03, 9.99972761e-01, 0.,
       8.01686049e-02, 2.95970678e-01, 1.35196245e+00, 1. ]
