%YAML:1.0
---
RB_POSITIONS: !!opencv-matrix
   rows: 9
   cols: 1
   dt: "3f"
   data: [ -6.47670776e-03, -2.94827551e-01, 4.02967513e-01,
       5.30152768e-02, -3.00990283e-01, 4.04141426e-01, 1.08668409e-01,
       -3.08380932e-01, 4.00446385e-01, -1.09701827e-02, -3.30528915e-01,
       3.54860306e-01, 4.77319658e-02, -3.39359999e-01, 3.52305621e-01,
       1.03604741e-01, -3.44658911e-01, 3.52048725e-01, -1.86359100e-02,
       -3.64755929e-01, 3.08421850e-01, 3.96598950e-02, -3.72912079e-01,
       3.05259377e-01, 9.83131826e-02, -3.79232317e-01, 3.06104153e-01 ]
WS_POSITIONS: !!opencv-matrix
   rows: 9
   cols: 1
   dt: "3f"
   data: [ 6.93178102e-02, -2.92057022e-02, 1.76838624e+00,
       1.28846392e-01, -3.49079408e-02, 1.76996315e+00, 1.84576184e-01,
       -4.18926030e-02, 1.76665378e+00, 6.53976947e-02, -6.51892126e-02,
       1.72043931e+00, 1.24180146e-01, -7.35850781e-02, 1.71829689e+00,
       1.80092096e-01, -7.84585774e-02, 1.71841598e+00, 5.82838133e-02,
       -9.97140408e-02, 1.67413366e+00, 1.16658628e-01, -1.07441217e-01,
       1.67137742e+00, 1.75351813e-01, -1.13309056e-01, 1.67262077e+00 ]
MAT_WS2RB: !!opencv-matrix
   rows: 4
   cols: 4
   dt: f
   data: [ 9.99951422e-01, -7.60112004e-03, -6.27288641e-03, 0.,
       7.63368420e-03, 9.99957383e-01, 5.18374145e-03, 0.,
       6.23321766e-03, -5.23137534e-03, 9.99966860e-01, 0.,
       -8.65909457e-02, -2.55845100e-01, -1.36477387e+00, 1. ]
MAT_RB2WS: !!opencv-matrix
   rows: 4
   cols: 4
   dt: f
   data: [ 9.99951422e-01, 7.63368420e-03, 6.23321719e-03, 0.,
       -7.60112051e-03, 9.99957442e-01, -5.23137534e-03, 0.,
       -6.27288688e-03, 5.18374192e-03, 9.99966860e-01, 0.,
       7.60809556e-02, 2.63569891e-01, 1.36393011e+00, 1. ]
