%YAML:1.0
---
RB_POSITIONS: !!opencv-matrix
   rows: 9
   cols: 1
   dt: "3f"
   data: [ 4.10168618e-03, -2.09953621e-01, 3.71927589e-01,
       6.36030659e-02, -2.16150448e-01, 3.73249948e-01, 1.19237281e-01,
       -2.23586157e-01, 3.69539082e-01, -3.66233289e-04, -2.45669037e-01,
       3.23848724e-01, 5.83353117e-02, -2.54540145e-01, 3.21304858e-01,
       1.14208646e-01, -2.59866387e-01, 3.21083426e-01, -8.00127536e-03,
       -2.79917002e-01, 2.77364224e-01, 5.02909049e-02, -2.88105488e-01,
       2.74294764e-01, 1.08940683e-01, -2.94456393e-01, 2.75212348e-01 ]
WS_POSITIONS: !!opencv-matrix
   rows: 9
   cols: 1
   dt: "3f"
   data: [ 6.93199039e-02, -2.91515514e-02, 1.76835370e+00,
       1.28862113e-01, -3.48536633e-02, 1.77001929e+00, 1.84574023e-01,
       -4.18518111e-02, 1.76663780e+00, 6.53977543e-02, -6.51453286e-02,
       1.72043514e+00, 1.24182425e-01, -7.35477135e-02, 1.71824396e+00,
       1.80097803e-01, -7.84168690e-02, 1.71834230e+00, 5.82882315e-02,
       -9.96895954e-02, 1.67408669e+00, 1.16660751e-01, -1.07415415e-01,
       1.67136443e+00, 1.75354794e-01, -1.13280661e-01, 1.67262149e+00 ]
MAT_WS2RB: !!opencv-matrix
   rows: 4
   cols: 4
   dt: f
   data: [ 9.99952793e-01, -8.16996861e-03, -5.27812401e-03, 0.,
       8.19669664e-03, 9.99953687e-01, 5.06235007e-03, 0.,
       5.23651997e-03, -5.10537438e-03, 9.99973357e-01, 0.,
       -7.42360204e-02, -1.71208978e-01, -1.39586556e+00, 1. ]
MAT_RB2WS: !!opencv-matrix
   rows: 4
   cols: 4
   dt: f
   data: [ 9.99952674e-01, 8.19669664e-03, 5.23651950e-03, 0.,
       -8.16996768e-03, 9.99953568e-01, -5.10537345e-03, 0.,
       -5.27812354e-03, 5.06235007e-03, 9.99973238e-01, 0.,
       6.54661804e-02, 1.78875878e-01, 1.39534271e+00, 1. ]
