%YAML:1.0
---
RB_POSITIONS: !!opencv-matrix
   rows: 9
   cols: 1
   dt: "3f"
   data: [ 9.75795463e-03, -1.64518937e-01, 3.54964077e-01,
       6.92525730e-02, -1.70737118e-01, 3.56180996e-01, 1.24892756e-01,
       -1.78216904e-01, 3.52609932e-01, 5.28986380e-03, -2.00196892e-01,
       3.06850344e-01, 6.39814511e-02, -2.09126294e-01, 3.04440409e-01,
       1.19841635e-01, -2.14487061e-01, 3.04131597e-01, -2.35623866e-03,
       -2.34430626e-01, 2.60331869e-01, 5.59434257e-02, -2.42661268e-01,
       2.57347763e-01, 1.14590801e-01, -2.49060273e-01, 2.58348972e-01 ]
WS_POSITIONS: !!opencv-matrix
   rows: 9
   cols: 1
   dt: "3f"
   data: [ 6.93181083e-02, -2.91150324e-02, 1.76833928e+00,
       1.28859237e-01, -3.47934812e-02, 1.76987708e+00, 1.84580654e-01,
       -4.17947099e-02, 1.76661563e+00, 6.54023588e-02, -6.50995448e-02,
       1.72040606e+00, 1.24182314e-01, -7.35165104e-02, 1.71832848e+00,
       1.80088952e-01, -7.83786550e-02, 1.71831834e+00, 5.82881309e-02,
       -9.96594504e-02, 1.67404461e+00, 1.16672732e-01, -1.07384399e-01,
       1.67138708e+00, 1.75369322e-01, -1.13252454e-01, 1.67270625e+00 ]
MAT_WS2RB: !!opencv-matrix
   rows: 4
   cols: 4
   dt: f
   data: [ 9.99948382e-01, -8.92469846e-03, -4.85715084e-03, 0.,
       8.95177294e-03, 9.99944389e-01, 5.58136450e-03, 0.,
       4.80706850e-03, -5.62455645e-03, 9.99972582e-01, 0.,
       -6.77964762e-02, -1.24840751e-01, -1.41282749e+00, 1. ]
MAT_RB2WS: !!opencv-matrix
   rows: 4
   cols: 4
   dt: f
   data: [ 9.99948382e-01, 8.95177294e-03, 4.80706897e-03, 0.,
       -8.92469753e-03, 9.99944329e-01, -5.62455645e-03, 0.,
       -4.85715084e-03, 5.58136450e-03, 9.99972641e-01, 0.,
       5.98164909e-02, 1.33326218e-01, 1.41241264e+00, 1. ]
