%YAML:1.0
---
RB_POSITIONS: !!opencv-matrix
   rows: 9
   cols: 1
   dt: "3f"
   data: [ 6.81508332e-03, -1.86217621e-01, 3.63144815e-01,
       6.63063526e-02, -1.92440450e-01, 3.64341885e-01, 1.21953018e-01,
       -1.99885488e-01, 3.60842824e-01, 2.37196311e-03, -2.21885502e-01,
       3.14950198e-01, 6.10732958e-02, -2.30803311e-01, 3.12582165e-01,
       1.16941616e-01, -2.36154556e-01, 3.12332660e-01, -5.22548333e-03,
       -2.56132811e-01, 2.68513322e-01, 5.30627370e-02, -2.64333993e-01,
       2.65483528e-01, 1.11711979e-01, -2.70721734e-01, 2.66401142e-01 ]
WS_POSITIONS: !!opencv-matrix
   rows: 9
   cols: 1
   dt: "3f"
   data: [ 6.93209097e-02, -2.91447025e-02, 1.76839888e+00,
       1.28857896e-01, -3.48454341e-02, 1.76988769e+00, 1.84581548e-01,
       -4.18272875e-02, 1.76667047e+00, 6.53968677e-02, -6.51126727e-02,
       1.72038269e+00, 1.24182828e-01, -7.35345930e-02, 1.71831775e+00,
       1.80095837e-01, -7.84031004e-02, 1.71833944e+00, 5.82986921e-02,
       -9.96778905e-02, 1.67410254e+00, 1.16668269e-01, -1.07390411e-01,
       1.67137015e+00, 1.75365910e-01, -1.13264866e-01, 1.67257679e+00 ]
MAT_WS2RB: !!opencv-matrix
   rows: 4
   cols: 4
   dt: f
   data: [ 9.99953151e-01, -8.63642525e-03, -4.37455764e-03, 0.,
       8.66029505e-03, 9.99947608e-01, 5.46752289e-03, 0.,
       4.32710769e-03, -5.50515112e-03, 9.99975502e-01, 0.,
       -6.99022263e-02, -1.46740466e-01, -1.40474820e+00, 1. ]
MAT_RB2WS: !!opencv-matrix
   rows: 4
   cols: 4
   dt: f
   data: [ 9.99953151e-01, 8.66029598e-03, 4.32710815e-03, 0.,
       -8.63642432e-03, 9.99947548e-01, -5.50515158e-03, 0.,
       -4.37455717e-03, 5.46752242e-03, 9.99975502e-01, 0.,
       6.24864772e-02, 1.55018628e-01, 1.40420842e+00, 1. ]
