%YAML:1.0
---
RB_POSITIONS: !!opencv-matrix
   rows: 9
   cols: 1
   dt: "3f"
   data: [ -2.49004588e-02, -3.62840891e-01, 4.35693800e-01,
       3.45907658e-02, -3.68849367e-01, 4.37028974e-01, 9.02945697e-02,
       -3.76102895e-01, 4.33649272e-01, -2.91202813e-02, -3.98656666e-01,
       3.87631804e-01, 2.96013579e-02, -4.07334685e-01, 3.85232568e-01,
       8.54979903e-02, -4.12495583e-01, 3.85266244e-01, -3.65282372e-02,
       -4.33008820e-01, 3.41206193e-01, 2.17998475e-02, -4.41016734e-01,
       3.38254154e-01, 8.04679692e-02, -4.47186410e-01, 3.39407623e-01 ]
WS_POSITIONS: !!opencv-matrix
   rows: 9
   cols: 1
   dt: "3f"
   data: [ 6.93182498e-02, -2.92499624e-02, 1.76846099e+00,
       1.28835350e-01, -3.49546671e-02, 1.76996493e+00, 1.84583381e-01,
       -4.19372693e-02, 1.76674783e+00, 6.54014274e-02, -6.52265251e-02,
       1.72049356e+00, 1.24171920e-01, -7.36155286e-02, 1.71826887e+00,
       1.80093542e-01, -7.84946010e-02, 1.71845961e+00, 5.82849793e-02,
       -9.97508317e-02, 1.67415011e+00, 1.16659962e-01, -1.07473336e-01,
       1.67136967e+00, 1.75355241e-01, -1.13343962e-01, 1.67269015e+00 ]
MAT_WS2RB: !!opencv-matrix
   rows: 4
   cols: 4
   dt: f
   data: [ 9.99984086e-01, -5.03111817e-03, -2.55380408e-03, 0.,
       5.03856083e-03, 9.99983072e-01, 2.91642291e-03, 0.,
       2.53908825e-03, -2.92924396e-03, 9.99992490e-01, 0.,
       -9.85605046e-02, -3.28062445e-01, -1.33249164e+00, 1. ]
MAT_RB2WS: !!opencv-matrix
   rows: 4
   cols: 4
   dt: f
   data: [ 9.99984086e-01, 5.03856083e-03, 2.53908802e-03, 0.,
       -5.03111770e-03, 9.99983072e-01, -2.92924396e-03, 0.,
       -2.55380431e-03, 2.91642291e-03, 9.99992490e-01, 0.,
       9.35054868e-02, 3.32439572e-01, 1.33177078e+00, 1. ]
