%YAML:1.0
---
RB_POSITIONS: !!opencv-matrix
   rows: 9
   cols: 1
   dt: "3f"
   data: [ 8.48479569e-04, -2.34389335e-01, 3.81104320e-01,
       6.03352636e-02, -2.40553945e-01, 3.82349879e-01, 1.15993440e-01,
       -2.47951940e-01, 3.78781050e-01, -3.57884914e-03, -2.70129621e-01,
       3.33049834e-01, 5.51097468e-02, -2.78978586e-01, 3.30499351e-01,
       1.10983863e-01, -2.84276694e-01, 3.30300510e-01, -1.11815371e-02,
       -3.04403156e-01, 2.86533713e-01, 4.71093655e-02, -3.12567770e-01,
       2.83550292e-01, 1.05755523e-01, -3.18901092e-01, 2.84427136e-01 ]
WS_POSITIONS: !!opencv-matrix
   rows: 9
   cols: 1
   dt: "3f"
   data: [ 6.93217963e-02, -2.91820541e-02, 1.76836765e+00,
       1.28847763e-01, -3.48787643e-02, 1.76992917e+00, 1.84578404e-01,
       -4.18594554e-02, 1.76666307e+00, 6.54066280e-02, -6.51638806e-02,
       1.72044921e+00, 1.24173813e-01, -7.35675320e-02, 1.71822250e+00,
       1.80087626e-01, -7.84320980e-02, 1.71831822e+00, 5.82973547e-02,
       -9.96970087e-02, 1.67404711e+00, 1.16663672e-01, -1.07421272e-01,
       1.67138267e+00, 1.75352156e-01, -1.13294832e-01, 1.67257202e+00 ]
MAT_WS2RB: !!opencv-matrix
   rows: 4
   cols: 4
   dt: f
   data: [ 9.99957979e-01, -7.74939777e-03, -4.89055784e-03, 0.,
       7.77064124e-03, 9.99960363e-01, 4.33980953e-03, 0.,
       4.85673314e-03, -4.37762914e-03, 9.99978602e-01, 0.,
       -7.68321306e-02, -1.96929976e-01, -1.38675988e+00, 1. ]
MAT_RB2WS: !!opencv-matrix
   rows: 4
   cols: 4
   dt: f
   data: [ 9.99958038e-01, 7.77064124e-03, 4.85673314e-03, 0.,
       -7.74939777e-03, 9.99960363e-01, -4.37762961e-03, 0.,
       -4.89055784e-03, 4.33980860e-03, 9.99978602e-01, 0.,
       6.85207918e-02, 2.03537479e-01, 1.38624132e+00, 1. ]
