%YAML:1.0
---
RB_POSITIONS: !!opencv-matrix
   rows: 9
   cols: 1
   dt: "3f"
   data: [ -1.56819150e-02, -3.66216332e-01, 4.30058807e-01,
       4.38108966e-02, -3.72315079e-01, 4.31194007e-01, 9.94734690e-02,
       -3.79668593e-01, 4.27555323e-01, -2.01283321e-02, -4.02005881e-01,
       3.81980389e-01, 3.85756940e-02, -4.10781264e-01, 3.79424065e-01,
       9.44480672e-02, -4.16021585e-01, 3.79146725e-01, -2.77613588e-02,
       -4.36326236e-01, 3.35594296e-01, 3.05343717e-02, -4.44408089e-01,
       3.32416654e-01, 8.92106742e-02, -4.50684369e-01, 3.33364129e-01 ]
WS_POSITIONS: !!opencv-matrix
   rows: 9
   cols: 1
   dt: "3f"
   data: [ 6.93122372e-02, -2.92260405e-02, 1.76843965e+00,
       1.28835842e-01, -3.49268615e-02, 1.76996267e+00, 1.84567153e-01,
       -4.19242047e-02, 1.76669252e+00, 6.53994605e-02, -6.52093440e-02,
       1.72045958e+00, 1.24174796e-01, -7.36046582e-02, 1.71829557e+00,
       1.80081174e-01, -7.84759074e-02, 1.71838069e+00, 5.82800470e-02,
       -9.97387618e-02, 1.67414713e+00, 1.16646372e-01, -1.07445411e-01,
       1.67135680e+00, 1.75355822e-01, -1.13329835e-01, 1.67268753e+00 ]
MAT_WS2RB: !!opencv-matrix
   rows: 4
   cols: 4
   dt: f
   data: [ 9.99959111e-01, -6.59857783e-03, -6.18356979e-03, 0.,
       6.61992794e-03, 9.99972165e-01, 3.43858916e-03, 0.,
       6.16070768e-03, -3.47938342e-03, 9.99974966e-01, 0.,
       -9.56926867e-02, -3.30380678e-01, -1.33780754e+00, 1. ]
MAT_RB2WS: !!opencv-matrix
   rows: 4
   cols: 4
   dt: f
   data: [ 9.99959111e-01, 6.61992794e-03, 6.16070768e-03, 0.,
       -6.59857830e-03, 9.99972165e-01, -3.47938342e-03, 0.,
       -6.18356979e-03, 3.43858916e-03, 9.99974966e-01, 0.,
       8.52362961e-02, 3.35605145e-01, 1.33721399e+00, 1. ]
