%YAML:1.0
---
RB_POSITIONS: !!opencv-matrix
   rows: 9
   cols: 1
   dt: "3f"
   data: [ -2.33055651e-03, -2.59425640e-01, 3.90163690e-01,
       5.71671873e-02, -2.65579373e-01, 3.91381353e-01, 1.12819001e-01,
       -2.72946149e-01, 3.87761921e-01, -6.75553083e-03, -2.95144081e-01,
       3.42034012e-01, 5.19429371e-02, -3.03966522e-01, 3.39509100e-01,
       1.07828327e-01, -3.09260994e-01, 3.39339554e-01, -1.43577270e-02,
       -3.29402298e-01, 2.95615226e-01, 4.39371839e-02, -3.37542206e-01,
       2.92454004e-01, 1.02597855e-01, -3.43867928e-01, 2.93473780e-01 ]
WS_POSITIONS: !!opencv-matrix
   rows: 9
   cols: 1
   dt: "3f"
   data: [ 6.93183988e-02, -2.91973185e-02, 1.76840198e+00,
       1.28853485e-01, -3.49002033e-02, 1.76994562e+00, 1.84576124e-01,
       -4.18677889e-02, 1.76663888e+00, 6.54014423e-02, -6.51756302e-02,
       1.72042203e+00, 1.24175973e-01, -7.35708550e-02, 1.71823204e+00,
       1.80099413e-01, -7.84481168e-02, 1.71836638e+00, 5.82879223e-02,
       -9.97094139e-02, 1.67413020e+00, 1.16657019e-01, -1.07428178e-01,
       1.67129850e+00, 1.75357342e-01, -1.13310263e-01, 1.67264104e+00 ]
MAT_WS2RB: !!opencv-matrix
   rows: 4
   cols: 4
   dt: f
   data: [ 9.99959648e-01, -7.45239668e-03, -5.02088899e-03, 0.,
       7.47621199e-03, 9.99960840e-01, 4.74127289e-03, 0.,
       4.98535857e-03, -4.77861846e-03, 9.99976218e-01, 0.,
       -8.02439898e-02, -2.21262366e-01, -1.37770975e+00, 1. ]
MAT_RB2WS: !!opencv-matrix
   rows: 4
   cols: 4
   dt: f
   data: [ 9.99959648e-01, 7.47621199e-03, 4.98535810e-03, 0.,
       -7.45239714e-03, 9.99960840e-01, -4.77861846e-03, 0.,
       -5.02088899e-03, 4.74127242e-03, 9.99976158e-01, 0.,
       7.16744810e-02, 2.28385702e-01, 1.37701952e+00, 1. ]
