%YAML:1.0
---
ToolPos: !!opencv-matrix
   rows: 1
   cols: 3
   dt: f
   data: [ -2.55243421e-01, 1.94207355e-02, -3.08936350e-02 ]
ToolVec: !!opencv-matrix
   rows: 1
   cols: 3
   dt: f
   data: [ 9.91174221e-01, -6.62113130e-02, 1.14846818e-01 ]
