%YAML:1.0
---
ToolPos: !!opencv-matrix
   rows: 1
   cols: 3
   dt: f
   data: [ 2.50442833e-01, 4.15199436e-03, 2.55836397e-02 ]
ToolVec: !!opencv-matrix
   rows: 1
   cols: 3
   dt: f
   data: [ -9.92077410e-01, -1.45430481e-02, -1.24783635e-01 ]
