%YAML:1.0
---
RB_POSITIONS: !!opencv-matrix
   rows: 9
   cols: 1
   dt: "3f"
   data: [ -2.34385133e-02, -3.38097245e-01, 4.42737669e-01,
       3.60611528e-02, -3.40902448e-01, 4.37464327e-01, 9.13361907e-02,
       -3.44554543e-01, 4.27261472e-01, -3.12324688e-02, -3.69289130e-01,
       3.91140610e-01, 2.72747725e-02, -3.74590248e-01, 3.82334352e-01,
       8.31070393e-02, -3.76580119e-01, 3.76621574e-01, -4.19687107e-02,
       -3.99402291e-01, 3.43015134e-01, 1.59959570e-02, -4.03842926e-01,
       3.33497196e-01, 7.16112927e-02, -4.07254696e-01, 3.25999767e-01 ]
WS_POSITIONS: !!opencv-matrix
   rows: 9
   cols: 1
   dt: "3f"
   data: [ 1.04899541e-01, -5.58453947e-02, 1.77743566e+00,
       1.64107919e-01, -5.94499968e-02, 1.76986861e+00, 2.18894109e-01,
       -6.38233200e-02, 1.75753510e+00, 9.46959257e-02, -8.67196694e-02,
       1.72606838e+00, 1.52742267e-01, -9.27920267e-02, 1.71500039e+00,
       2.08280817e-01, -9.55289900e-02, 1.70713806e+00, 8.17008466e-02,
       -1.16488650e-01, 1.67828691e+00, 1.39189735e-01, -1.21690266e-01,
       1.66653168e+00, 1.94423169e-01, -1.25838831e-01, 1.65688944e+00 ]
MAT_WS2RB: !!opencv-matrix
   rows: 4
   cols: 4
   dt: f
   data: [ 9.99165177e-01, 1.39389401e-02, 3.84007804e-02, 0.,
       -1.37950368e-02, 9.99896705e-01, -4.00985451e-03, 0.,
       -3.84527110e-02, 3.47676664e-03, 9.99254346e-01, 0.,
       -6.06736392e-02, -2.89899528e-01, -1.33762479e+00, 1. ]
MAT_RB2WS: !!opencv-matrix
   rows: 4
   cols: 4
   dt: f
   data: [ 9.99165177e-01, -1.37950368e-02, -3.84527110e-02, 0.,
       1.39389411e-02, 9.99896824e-01, 3.47676687e-03, 0.,
       3.84007804e-02, -4.00985451e-03, 9.99254346e-01, 0.,
       1.16029717e-01, 2.83668935e-01, 1.33530223e+00, 1. ]
