%YAML:1.0
---
RB_POSITIONS: !!opencv-matrix
   rows: 9
   cols: 1
   dt: "3f"
   data: [ -1.24418736e-02, -3.04765314e-01, 4.33590889e-01,
       4.60096896e-02, -2.98925012e-01, 4.22484338e-01, 1.00084260e-01,
       -2.95081258e-01, 4.07133758e-01, -1.96055546e-02, -3.42000127e-01,
       3.86479437e-01, 3.79216820e-02, -3.39092940e-01, 3.71772468e-01,
       9.25487876e-02, -3.33126456e-01, 3.60238731e-01, -2.95454040e-02,
       -3.78617913e-01, 3.42324883e-01, 2.72645354e-02, -3.74975532e-01,
       3.27051371e-01, 8.17471147e-02, -3.70463163e-01, 3.14361095e-01 ]
WS_POSITIONS: !!opencv-matrix
   rows: 9
   cols: 1
   dt: "3f"
   data: [ 1.16031639e-01, -2.25911569e-02, 1.76802325e+00,
       1.74088374e-01, -1.75134223e-02, 1.75469363e+00, 2.27580771e-01,
       -1.43551538e-02, 1.73728478e+00, 1.06543608e-01, -5.95392473e-02,
       1.72109723e+00, 1.63497493e-01, -5.73675185e-02, 1.70419550e+00,
       2.17718303e-01, -5.21092527e-02, 1.69058669e+00, 9.44040567e-02,
       -9.58436951e-02, 1.67723489e+00, 1.50629684e-01, -9.29247439e-02,
       1.65979707e+00, 2.04641357e-01, -8.91139358e-02, 1.64503324e+00 ]
MAT_WS2RB: !!opencv-matrix
   rows: 4
   cols: 4
   dt: f
   data: [ 9.99163032e-01, 1.39193153e-02, 3.84632796e-02, 0.,
       -1.37790376e-02, 9.99897420e-01, -3.90975364e-03, 0.,
       -3.85137573e-02, 3.37649439e-03, 9.99252379e-01, 0.,
       -6.05944581e-02, -2.89761275e-01, -1.33766186e+00, 1. ]
MAT_RB2WS: !!opencv-matrix
   rows: 4
   cols: 4
   dt: f
   data: [ 9.99163091e-01, -1.37790376e-02, -3.85137573e-02, 0.,
       1.39193153e-02, 9.99897420e-01, 3.37649463e-03, 0.,
       3.84632796e-02, -3.90975364e-03, 9.99252379e-01, 0.,
       1.16027892e-01, 2.83666700e-01, 1.33530653e+00, 1. ]
