%YAML:1.0
---
RB_POSITIONS: !!opencv-matrix
   rows: 9
   cols: 1
   dt: "3f"
   data: [ -1.34691596e-04, -2.40870759e-01, 4.10298824e-01,
       5.80890477e-02, -2.34310687e-01, 3.98435384e-01, 1.11879602e-01,
       -2.29767248e-01, 3.82364035e-01, -7.27740675e-03, -2.78651088e-01,
       3.63490492e-01, 5.00422567e-02, -2.75028706e-01, 3.48340690e-01,
       1.04396440e-01, -2.68299043e-01, 3.35941136e-01, -1.71505883e-02,
       -3.15795660e-01, 3.19948018e-01, 3.94198671e-02, -3.11424464e-01,
       3.03954244e-01, 9.36487317e-02, -3.06201696e-01, 2.90372610e-01 ]
WS_POSITIONS: !!opencv-matrix
   rows: 9
   cols: 1
   dt: "3f"
   data: [ 1.28314123e-01, 4.12833802e-02, 1.74451232e+00,
       1.86123952e-01, 4.70873527e-02, 1.73043704e+00, 2.39314497e-01,
       5.09517752e-02, 1.71232104e+00, 1.18852712e-01, 3.78224417e-03,
       1.69789112e+00, 1.75592080e-01, 6.67364988e-03, 1.68055713e+00,
       2.29517370e-01, 1.27024474e-02, 1.66609573e+00, 1.06797569e-01,
       -3.30580845e-02, 1.65464056e+00, 1.62766278e-01, -2.94043701e-02,
       1.63649452e+00, 2.16499969e-01, -2.48761699e-02, 1.62085176e+00 ]
MAT_WS2RB: !!opencv-matrix
   rows: 4
   cols: 4
   dt: f
   data: [ 9.99163747e-01, 1.38812829e-02, 3.84592563e-02, 0.,
       -1.37458174e-02, 9.99898314e-01, -3.78454337e-03, 0.,
       -3.85078825e-02, 3.25272465e-03, 9.99252975e-01, 0.,
       -6.05965555e-02, -2.89605528e-01, -1.33768892e+00, 1. ]
MAT_RB2WS: !!opencv-matrix
   rows: 4
   cols: 4
   dt: f
   data: [ 9.99163747e-01, -1.37458174e-02, -3.85078788e-02, 0.,
       1.38812838e-02, 9.99898374e-01, 3.25272465e-03, 0.,
       3.84592563e-02, -3.78454337e-03, 9.99252975e-01, 0.,
       1.16012499e-01, 2.83680648e-01, 1.33529818e+00, 1. ]
