%YAML:1.0
---
RB_POSITIONS: !!opencv-matrix
   rows: 9
   cols: 1
   dt: "3f"
   data: [ 1.48743540e-02, -1.80193394e-01, 4.02124166e-01,
       7.28004426e-02, -1.73455387e-01, 3.88918847e-01, 1.26163557e-01,
       -1.68753415e-01, 3.71643126e-01, 6.80623949e-03, -2.18197107e-01,
       3.55498642e-01, 6.37528747e-02, -2.14410558e-01, 3.39144409e-01,
       1.17781088e-01, -2.07501292e-01, 3.25556636e-01, -3.91618162e-03,
       -2.55629897e-01, 3.12233895e-01, 5.22524267e-02, -2.51086026e-01,
       2.95279771e-01, 1.06025815e-01, -2.45678395e-01, 2.80089378e-01 ]
WS_POSITIONS: !!opencv-matrix
   rows: 9
   cols: 1
   dt: "3f"
   data: [ 1.43829286e-01, 1.01746745e-01, 1.73599494e+00,
       2.01293349e-01, 1.07738122e-01, 1.72059369e+00, 2.54013598e-01,
       1.11771978e-01, 1.70129383e+00, 1.33449227e-01, 6.40358776e-02,
       1.68958950e+00, 1.89772710e-01, 6.71016127e-02, 1.67106962e+00,
       2.43329808e-01, 7.33193159e-02, 1.65543664e+00, 1.20554104e-01,
       2.69195698e-02, 1.64664626e+00, 1.76087677e-01, 3.07555292e-02,
       1.62755942e+00, 2.29307756e-01, 3.54813784e-02, 1.61032987e+00 ]
MAT_WS2RB: !!opencv-matrix
   rows: 4
   cols: 4
   dt: f
   data: [ 9.99165475e-01, 1.38844354e-02, 3.84128317e-02, 0.,
       -1.37477759e-02, 9.99898136e-01, -3.81952291e-03, 0.,
       -3.84619534e-02, 3.28824460e-03, 9.99254584e-01, 0.,
       -6.06663637e-02, -2.89635122e-01, -1.33771300e+00, 1. ]
MAT_RB2WS: !!opencv-matrix
   rows: 4
   cols: 4
   dt: f
   data: [ 9.99165475e-01, -1.37477769e-02, -3.84619534e-02, 0.,
       1.38844354e-02, 9.99898195e-01, 3.28824460e-03, 0.,
       3.84128317e-02, -3.81952315e-03, 9.99254644e-01, 0.,
       1.16022505e-01, 2.83662200e-01, 1.33533502e+00, 1. ]
